Frequency(THz) Wavelength(um) Source Detector[0] Detector[1] Detector[2] Detector[3] Detector[4]
0.0000e+00 7.4161e+09 9.7518e-01 3.5046e-02 5.7374e-07 5.9464e-04 6.6422e-05 3.6834e-04
4.0425e-08 7.4161e+09 4.9326e-01 2.4673e-02 4.2483e-07 3.6726e-04 4.7796e-05 3.7008e-04
8.0849e-08 3.7080e+09 7.9711e-03 1.4045e-02 3.7421e-07 9.3128e-05 1.8332e-05 3.0327e-04
1.2127e-07 2.4720e+09 4.8652e-01 2.4031e-02 1.3399e-06 3.0395e-04 1.4570e-05 1.3318e-04
1.6170e-07 1.8540e+09 9.7518e-01 3.4607e-02 3.7346e-06 7.7119e-04 2.8827e-05 1.9552e-05
2.0212e-07 1.4832e+09 5.0004e-01 2.4712e-02 6.2575e-06 8.9571e-04 3.0774e-05 7.4443e-05
2.4255e-07 1.2360e+09 8.0659e-03 1.3993e-02 6.4808e-06 6.0890e-04 1.6570e-05 1.5118e-04
2.8297e-07 1.0594e+09 4.7983e-01 2.3654e-02 3.6649e-06 3.1194e-04 4.3448e-06 9.2594e-05
3.2340e-07 9.2701e+08 9.7519e-01 3.4363e-02 4.9996e-07 1.9747e-04 2.6620e-06 3.7343e-06
3.6382e-07 8.2401e+08 5.0688e-01 2.4810e-02 5.9019e-07 1.6563e-04 9.5403e-06 4.6540e-05
4.0425e-07 7.4161e+08 8.2555e-03 1.4138e-02 4.0601e-06 1.8944e-04 2.1596e-05 1.4216e-04
4.4467e-07 6.7419e+08 4.7319e-01 2.3817e-02 7.0989e-06 2.8112e-04 2.6423e-05 1.2891e-04
4.8509e-07 6.1801e+08 9.7520e-01 3.4794e-02 6.4760e-06 2.9548e-04 1.2775e-05 5.8356e-05
5.2552e-07 5.7047e+08 5.1377e-01 2.5240e-02 3.1805e-06 1.8131e-04 5.5594e-08 7.2376e-05
5.6594e-07 5.2972e+08 8.5401e-03 1.3959e-02 5.7714e-07 1.8445e-04 2.0304e-05 1.2135e-04
6.0637e-07 4.9441e+08 4.6660e-01 2.3130e-02 1.4880e-07 4.0570e-04 5.9336e-05 7.4411e-05
6.4679e-07 4.6351e+08 9.7522e-01 3.4317e-02 6.3022e-07 4.8331e-04 6.4707e-05 2.0600e-06
6.8722e-07 4.3624e+08 5.2072e-01 2.5168e-02 7.0800e-07 1.9150e-04 2.9289e-05 7.7830e-05
7.2764e-07 4.1201e+08 8.9197e-03 1.3901e-02 7.1839e-07 8.1801e-06 8.7413e-06 2.6877e-04
7.6807e-07 3.9032e+08 4.6005e-01 2.3100e-02 1.4445e-06 4.7908e-04 2.9956e-05 3.7061e-04
8.0849e-07 3.7080e+08 9.7524e-01 3.4710e-02 2.6348e-06 1.2677e-03 4.7955e-05 3.0357e-04
8.4892e-07 3.5315e+08 5.2771e-01 2.5767e-02 3.3418e-06 1.5081e-03 3.3061e-05 1.6759e-04
8.8934e-07 3.3710e+08 9.3946e-03 1.4024e-02 3.0260e-06 9.8619e-04 3.0786e-05 6.3499e-05
9.2976e-07 3.2244e+08 4.5356e-01 2.2789e-02 1.9478e-06 3.2457e-04 7.6864e-05 4.2099e-05
9.7019e-07 3.0900e+08 9.7527e-01 3.4667e-02 8.9371e-07 3.3721e-05 1.1711e-04 1.4511e-04
1.0106e-06 2.9664e+08 5.3476e-01 2.6083e-02 5.8210e-07 1.2729e-05 8.7222e-05 3.1263e-04
1.0510e-06 2.8523e+08 9.9649e-03 1.4089e-02 9.4503e-07 4.3135e-05 2.2959e-05 3.5374e-04
1.0915e-06 2.7467e+08 4.4710e-01 2.2510e-02 1.1498e-06 1.6914e-04 6.9489e-06 1.9990e-04
1.1319e-06 2.6486e+08 9.7530e-01 3.4637e-02 7.3529e-07 4.0603e-04 3.9677e-05 6.4675e-05
1.1723e-06 2.5573e+08 5.4187e-01 2.6413e-02 3.0697e-07 5.5081e-04 5.1022e-05 1.4207e-04
1.2127e-06 2.4720e+08 1.0631e-02 1.4204e-02 5.1486e-07 5.0101e-04 2.2232e-05 2.8710e-04
1.2532e-06 2.3923e+08 4.4070e-01 2.2262e-02 9.2651e-07 4.1551e-04 7.5684e-06 2.4762e-04
1.2936e-06 2.3175e+08 9.7534e-01 3.4530e-02 8.0102e-07 3.9458e-04 3.2758e-05 8.1689e-05
1.3340e-06 2.2473e+08 5.4903e-01 2.6564e-02 4.2112e-07 3.1110e-04 5.3225e-05 4.8168e-05
1.3744e-06 2.1812e+08 1.1393e-02 1.4167e-02 5.3612e-07 1.1202e-04 3.3487e-05 1.7206e-04
1.4149e-06 2.1189e+08 4.3433e-01 2.2022e-02 9.2242e-07 4.2151e-06 3.8915e-06 2.3133e-04
1.4553e-06 2.0600e+08 9.7538e-01 3.4603e-02 7.6335e-07 1.6231e-04 8.3342e-06 1.3921e-04
1.4957e-06 2.0044e+08 5.5625e-01 2.6936e-02 1.7552e-07 4.5257e-04 3.8971e-05 4.6565e-05
1.5361e-06 1.9516e+08 1.2251e-02 1.4217e-02 4.3928e-08 5.9923e-04 5.3754e-05 6.7658e-05
1.5766e-06 1.9016e+08 4.2801e-01 2.1675e-02 4.9041e-07 4.9310e-04 3.5258e-05 1.5782e-04
1.6170e-06 1.8540e+08 9.7543e-01 3.4484e-02 7.8149e-07 2.4598e-04 7.8428e-06 2.5718e-04
1.6574e-06 1.8088e+08 5.6353e-01 2.7198e-02 6.4931e-07 5.2779e-05 3.2494e-06 3.2971e-04
1.6978e-06 1.7657e+08 1.3206e-02 1.4282e-02 4.8927e-07 4.6674e-05 2.1325e-05 2.9091e-04
1.7383e-06 1.7247e+08 4.2174e-01 2.1358e-02 4.5607e-07 1.8603e-04 3.0872e-05 1.2349e-04
1.7787e-06 1.6855e+08 9.7548e-01 3.4309e-02 6.4914e-07 2.7315e-04 1.4792e-05 1.1828e-05
1.8191e-06 1.6480e+08 5.7087e-01 2.7383e-02 1.8294e-06 1.8611e-04 1.8524e-06 1.1788e-04
1.8595e-06 1.6122e+08 1.4259e-02 1.4429e-02 4.3306e-06 6.1669e-05 2.6961e-05 2.8992e-04
1.9000e-06 1.5779e+08 4.1550e-01 2.1372e-02 6.4913e-06 1.1538e-04 6.9114e-05 2.6415e-04
1.9404e-06 1.5450e+08 9.7554e-01 3.4589e-02 6.0602e-06 3.1694e-04 7.4293e-05 8.4943e-05
1.9808e-06 1.5135e+08 5.7827e-01 2.7888e-02 3.2931e-06 4.1578e-04 4.1118e-05 1.7804e-05
2.0212e-06 1.4832e+08 1.5408e-02 1.4561e-02 8.3523e-07 2.9599e-04 2.4792e-05 1.0325e-04
2.0617e-06 1.4541e+08 4.0931e-01 2.1030e-02 2.7191e-07 1.3358e-04 4.2459e-05 1.4013e-04
2.1021e-06 1.4262e+08 9.7561e-01 3.4374e-02 6.1547e-07 1.3183e-04 4.5722e-05 8.1448e-05
2.1425e-06 1.3993e+08 5.8573e-01 2.8029e-02 5.6189e-07 2.2797e-04 1.8703e-05 7.7360e-05
2.1829e-06 1.3734e+08 1.6656e-02 1.4619e-02 2.9547e-07 1.9732e-04 2.4542e-05 1.2602e-04
2.2234e-06 1.3484e+08 4.0316e-01 2.0852e-02 3.4533e-07 3.3451e-05 9.7336e-05 7.8684e-05
2.2638e-06 1.3243e+08 9.7568e-01 3.4353e-02 4.0020e-07 7.0661e-05 1.6039e-04 2.6191e-05
2.3042e-06 1.3011e+08 5.9325e-01 2.8226e-02 1.6123e-07 5.7000e-04 1.3005e-04 2.4608e-04
2.3446e-06 1.2786e+08 1.8003e-02 1.4599e-02 6.9831e-09 1.2293e-03 4.4290e-05 6.6279e-04
2.3850e-06 1.2570e+08 3.9705e-01 2.0600e-02 1.2067e-07 1.3813e-03 6.2020e-07 8.0907e-04
2.4255e-06 1.2360e+08 9.7575e-01 3.4383e-02 2.1394e-07 8.2111e-04 1.1041e-05 5.1361e-04
2.4659e-06 1.2158e+08 6.0084e-01 2.8599e-02 5.0883e-07 1.6919e-04 1.4685e-05 2.0385e-04
2.5063e-06 1.1961e+08 1.9449e-02 1.4795e-02 1.5204e-06 1.2093e-04 2.5347e-06 2.6330e-04
2.5467e-06 1.1772e+08 3.9098e-01 2.0521e-02 2.5569e-06 5.5042e-04 2.2636e-05 4.7134e-04
2.5872e-06 1.1588e+08 9.7583e-01 3.4507e-02 2.2073e-06 7.5972e-04 7.0377e-05 4.1479e-04
2.6276e-06 1.1409e+08 6.0849e-01 2.8979e-02 7.7035e-07 4.7663e-04 7.9342e-05 1.3976e-04
2.6680e-06 1.1237e+08 2.0996e-02 1.4917e-02 2.3915e-07 1.1018e-04 3.5003e-05 3.9474e-06
2.7084e-06 1.1069e+08 3.8495e-01 2.0324e-02 1.2194e-06 3.8877e-05 4.9284e-06 9.1461e-05
2.7489e-06 1.0906e+08 9.7591e-01 3.4518e-02 1.9543e-06 1.7237e-04 3.0032e-05 1.6836e-04
2.7893e-06 1.0748e+08 6.1621e-01 2.9287e-02 1.3249e-06 3.1397e-04 6.4625e-05 1.1116e-04
2.8297e-06 1.0594e+08 2.2643e-02 1.5033e-02 6.3828e-07 4.6220e-04 5.7048e-05 3.3123e-05
2.8701e-06 1.0445e+08 3.7896e-01 2.0206e-02 1.1362e-06 5.8511e-04 2.3614e-05 3.0168e-05
2.9106e-06 1.0300e+08 9.7601e-01 3.4676e-02 1.8028e-06 5.3426e-04 5.8548e-06 8.0021e-05
2.9510e-06 1.0159e+08 6.2400e-01 2.9703e-02 1.3095e-06 3.6342e-04 7.0766e-06 1.6546e-04
2.9914e-06 1.0022e+08 2.4391e-02 1.5072e-02 3.7591e-07 3.3548e-04 8.0111e-06 2.7580e-04
3.0318e-06 9.8881e+07 3.7300e-01 1.9809e-02 3.6740e-07 4.6734e-04 6.2691e-06 3.2758e-04
3.0723e-06 9.7580e+07 9.7610e-01 3.4535e-02 9.5009e-07 4.8211e-04 8.4927e-06 2.7182e-04
3.1127e-06 9.6313e+07 6.3185e-01 3.0028e-02 9.5318e-07 3.3058e-04 1.1088e-05 2.1135e-04
3.1531e-06 9.5078e+07 2.6242e-02 1.5273e-02 4.4564e-07 2.8601e-04 1.0540e-05 2.3489e-04
3.1935e-06 9.3875e+07 3.6709e-01 1.9639e-02 2.7447e-07 3.9777e-04 1.0965e-05 2.4144e-04
3.2340e-06 9.2701e+07 9.7620e-01 3.4481e-02 4.7009e-07 3.9482e-04 1.1379e-05 1.3128e-04
3.2744e-06 9.1557e+07 6.3978e-01 3.0283e-02 5.9109e-07 2.7999e-04 8.0627e-06 4.0635e-05
3.3148e-06 9.0440e+07 2.8196e-02 1.5387e-02 7.7624e-07 3.8556e-04 1.0230e-05 1.2963e-04
3.3552e-06 8.9351e+07 3.6121e-01 1.9470e-02 1.1829e-06 6.3414e-04 2.5936e-05 2.5530e-04
3.3957e-06 8.8287e+07 9.7631e-01 3.4466e-02 1.3441e-06 5.0116e-04 3.7324e-05 1.7490e-04
3.4361e-06 8.7248e+07 6.4778e-01 3.0498e-02 1.2048e-06 6.3427e-05 2.3870e-05 9.1873e-06
3.4765e-06 8.6234e+07 3.0254e-02 1.5392e-02 1.6130e-06 2.3620e-04 3.6669e-06 1.3494e-04
3.5169e-06 8.5242e+07 3.5537e-01 1.9304e-02 2.6571e-06 1.3601e-03 1.1177e-05 5.8376e-04
3.5574e-06 8.4274e+07 9.7642e-01 3.4722e-02 2.9294e-06 2.3394e-03 3.8721e-05 9.0812e-04
3.5978e-06 8.3327e+07 6.5585e-01 3.1164e-02 1.7173e-06 2.0203e-03 4.5251e-05 7.7091e-04
3.6382e-06 8.2401e+07 3.2417e-02 1.5693e-02 3.5456e-07 8.2613e-04 2.2706e-05 3.6522e-04
3.6786e-06 8.1496e+07 3.4957e-01 1.8983e-02 5.8691e-09 9.2607e-05 6.8795e-06 8.2120e-05
3.7191e-06 8.0610e+07 9.7654e-01 3.4407e-02 3.2124e-08 2.2764e-04 1.9071e-05 3.0247e-05
3.7595e-06 7.9743e+07 6.6399e-01 3.1207e-02 3.6714e-07 5.3376e-04 4.3171e-05 1.0238e-04
3.7999e-06 7.8895e+07 3.4686e-02 1.5748e-02 3.1840e-06 5.6485e-04 6.5814e-05 2.8630e-04
3.8403e-06 7.8064e+07 3.4381e-01 1.8987e-02 9.2264e-06 5.7888e-04 9.1960e-05 6.0802e-04
3.8808e-06 7.7251e+07 9.7666e-01 3.4820e-02 1.4288e-05 6.8990e-04 1.1149e-04 8.8228e-04
3.9212e-06 7.6455e+07 6.7221e-01 3.1970e-02 1.3263e-05 5.9700e-04 9.7021e-05 8.3366e-04
3.9616e-06 7.5674e+07 3.7063e-02 1.6124e-02 7.2200e-06 3.1973e-04 4.9955e-05 4.7568e-04
4.0020e-06 7.4910e+07 3.3808e-01 1.8809e-02 2.6257e-06 3.3124e-04 9.2585e-06 1.2971e-04
4.0425e-06 7.4161e+07 9.7679e-01 3.4777e-02 3.1122e-06 7.0954e-04 9.7321e-07 2.4822e-05
4.0829e-06 7.3427e+07 6.8051e-01 3.2312e-02 5.5378e-06 9.0522e-04 1.3297e-05 8.0103e-05
4.1233e-06 7.2707e+07 3.9547e-02 1.6225e-02 5.3422e-06 6.4561e-04 2.9181e-05 1.3689e-04
4.1637e-06 7.2001e+07 3.3239e-01 1.8383e-02 2.5423e-06 3.9799e-04 4.6512e-05 1.8860e-04
4.2042e-06 7.1309e+07 9.7693e-01 3.4415e-02 3.3080e-07 5.7285e-04 5.8789e-05 2.5749e-04
4.2446e-06 7.0629e+07 6.8889e-01 3.2386e-02 1.0614e-07 8.4357e-04 5.3354e-05 2.4182e-04
4.2850e-06 6.9963e+07 4.2141e-02 1.6331e-02 5.3852e-07 6.9759e-04 3.6292e-05 9.2965e-05
4.3254e-06 6.9309e+07 3.2673e-01 1.8299e-02 4.6895e-07 2.4252e-04 2.4946e-05 1.6074e-05
4.3659e-06 6.8668e+07 9.7707e-01 3.4546e-02 3.2862e-07 4.6719e-06 1.6251e-05 2.3468e-04
4.4063e-06 6.8038e+07 6.9735e-01 3.2833e-02 8.3294e-07 1.7114e-04 2.3558e-06 5.9513e-04
4.4467e-06 6.7419e+07 4.4846e-02 1.6558e-02 1.9990e-06 4.3027e-04 1.0794e-05 6.8417e-04
4.4871e-06 6.6812e+07 3.2111e-01 1.8143e-02 3.6431e-06 4.5641e-04 7.2949e-05 3.8900e-04
4.5276e-06 6.6215e+07 9.7721e-01 3.4544e-02 5.6180e-06 2.6008e-04 1.5062e-04 6.8715e-05
4.5680e-06 6.5629e+07 7.0589e-01 3.3168e-02 7.2453e-06 8.0820e-05 1.6006e-04 4.4342e-05
4.6084e-06 6.5053e+07 4.7663e-02 1.6720e-02 7.4365e-06 1.0224e-04 8.7663e-05 1.8129e-04
4.6488e-06 6.4488e+07 3.1552e-01 1.7985e-02 5.8639e-06 2.8400e-04 1.7922e-05 1.9171e-04
4.6892e-06 6.3932e+07 9.7737e-01 3.4619e-02 3.5103e-06 4.2797e-04 1.6884e-05 1.2054e-04
4.7297e-06 6.3385e+07 7.1451e-01 3.3632e-02 1.6743e-06 4.1543e-04 4.8365e-05 2.1163e-04
4.7701e-06 6.2848e+07 5.0593e-02 1.6960e-02 7.5913e-07 3.2913e-04 4.6781e-05 4.2365e-04
4.8105e-06 6.2320e+07 3.0997e-01 1.7755e-02 3.5125e-07 2.8819e-04 1.7786e-05 4.5486e-04
4.8509e-06 6.1801e+07 9.7752e-01 3.4479e-02 1.1758e-07 2.7482e-04 1.0698e-05 2.4129e-04
4.8914e-06 6.1290e+07 7.2322e-01 3.3866e-02 8.1866e-08 2.4034e-04 2.9790e-05 6.8663e-05
4.9318e-06 6.0788e+07 5.3638e-02 1.7136e-02 1.6675e-07 2.4849e-04 3.5796e-05 1.0939e-04
4.9722e-06 6.0293e+07 3.0445e-01 1.7714e-02 1.2673e-07 3.4443e-04 1.8691e-05 1.8415e-04
5.0126e-06 5.9807e+07 9.7769e-01 3.4682e-02 6.7550e-08 4.0772e-04 1.1763e-05 1.3530e-04
5.0531e-06 5.9329e+07 7.3202e-01 3.4346e-02 4.1165e-07 3.3204e-04 3.3016e-05 1.3228e-04
5.0935e-06 5.8858e+07 5.6800e-02 1.7227e-02 1.0681e-06 2.3750e-04 5.6901e-05 3.6886e-04
5.1339e-06 5.8394e+07 2.9897e-01 1.7264e-02 1.2756e-06 2.9864e-04 5.4118e-05 6.7894e-04
5.1743e-06 5.7938e+07 9.7786e-01 3.4434e-02 7.2060e-07 4.6297e-04 2.9793e-05 7.3062e-04
5.2148e-06 5.7489e+07 7.4091e-01 3.4672e-02 1.6690e-07 5.3893e-04 9.5397e-06 4.8106e-04
5.2552e-06 5.7047e+07 6.0079e-02 1.7553e-02 3.3582e-07 4.6389e-04 5.0966e-06 1.8847e-04
5.2956e-06 5.6611e+07 2.9352e-01 1.7217e-02 7.8084e-07 3.0585e-04 6.6884e-06 4.2994e-05
5.3360e-06 5.6183e+07 9.7803e-01 3.4459e-02 6.9910e-07 1.2406e-04 3.6866e-06 1.2568e-05
5.3765e-06 5.5760e+07 7.4988e-01 3.5031e-02 3.0365e-07 1.1123e-05 1.6323e-06 2.1770e-05
5.4169e-06 5.5344e+07 6.3478e-02 1.7786e-02 3.6583e-07 1.2822e-04 1.1529e-05 7.5381e-05
5.4573e-06 5.4934e+07 2.8811e-01 1.7096e-02 7.9523e-07 4.9365e-04 2.6086e-05 1.8484e-04
5.4977e-06 5.4530e+07 9.7822e-01 3.4442e-02 8.1140e-07 8.6225e-04 2.4346e-05 3.1206e-04
5.5382e-06 5.4132e+07 7.5896e-01 3.5304e-02 3.2476e-07 9.9275e-04 8.4405e-06 4.0348e-04
5.5786e-06 5.3740e+07 6.6998e-02 1.7880e-02 3.2621e-08 8.9965e-04 1.3209e-05 4.0418e-04
5.6190e-06 5.3353e+07 2.8273e-01 1.6885e-02 2.1745e-07 7.0594e-04 5.6445e-05 2.7999e-04
5.6594e-06 5.2972e+07 9.7841e-01 3.4482e-02 4.7477e-07 4.5194e-04 9.9762e-05 1.0242e-04
5.6999e-06 5.2596e+07 7.6812e-01 3.5752e-02 5.9422e-07 2.0648e-04 9.3442e-05 2.9916e-05
5.7403e-06 5.2226e+07 7.0640e-02 1.8144e-02 7.8691e-07 1.2561e-04 4.7161e-05 1.0502e-04
5.7807e-06 5.1861e+07 2.7738e-01 1.6784e-02 1.1258e-06 2.1406e-04 1.5378e-05 1.7084e-04
5.8211e-06 5.1501e+07 9.7860e-01 3.4630e-02 1.5753e-06 2.6817e-04 1.9036e-05 1.0903e-04
5.8616e-06 5.1145e+07 7.7739e-01 3.6353e-02 2.2991e-06 2.1658e-04 2.7843e-05 3.5672e-05
5.9020e-06 5.0795e+07 7.4408e-02 1.8532e-02 3.1062e-06 2.2802e-04 2.1535e-05 9.6023e-05
5.9424e-06 5.0450e+07 2.7207e-01 1.6632e-02 3.0928e-06 3.2971e-04 1.8462e-05 1.9535e-04
5.9828e-06 5.0109e+07 9.7880e-01 3.4513e-02 1.8522e-06 2.9280e-04 3.0230e-05 1.5573e-04
6.0233e-06 4.9772e+07 7.8675e-01 3.6627e-02 5.0629e-07 8.8534e-05 3.5428e-05 3.6332e-05
6.0637e-06 4.9441e+07 7.8303e-02 1.8750e-02 5.0901e-07 2.1511e-05 2.0900e-05 3.1716e-05
6.1041e-06 4.9113e+07 2.6679e-01 1.6543e-02 2.1299e-06 1.7765e-04 8.9539e-06 1.1768e-04
6.1445e-06 4.8790e+07 9.7901e-01 3.4540e-02 5.0382e-06 2.5748e-04 1.7649e-05 1.0319e-04
6.1850e-06 4.8471e+07 7.9621e-01 3.6896e-02 8.9639e-06 2.5612e-04 2.8562e-05 2.0156e-05
6.2254e-06 4.8156e+07 8.2326e-02 1.8758e-02 1.2256e-05 6.7207e-04 2.1622e-05 1.2085e-04
6.2658e-06 4.7846e+07 2.6154e-01 1.6249e-02 1.1742e-05 1.5595e-03 1.1629e-05 4.1839e-04
6.3062e-06 4.7539e+07 9.7923e-01 3.4629e-02 6.8487e-06 2.0371e-03 2.0214e-05 5.6897e-04
6.3467e-06 4.7236e+07 8.0578e-01 3.7498e-02 2.3846e-06 1.4430e-03 3.6039e-05 3.6907e-04
6.3871e-06 4.6937e+07 8.6480e-02 1.9108e-02 3.5657e-06 4.2808e-04 3.3555e-05 7.5596e-05
6.4275e-06 4.6642e+07 2.5633e-01 1.6095e-02 8.8199e-06 7.8326e-05 1.4007e-05 1.6919e-05
6.4679e-06 4.6351e+07 9.7945e-01 3.4742e-02 1.1440e-05 3.9400e-04 5.3232e-07 1.3249e-04
6.5084e-06 4.6063e+07 8.1545e-01 3.8237e-02 8.4568e-06 5.5347e-04 5.0289e-06 1.5829e-04
6.5488e-06 4.5778e+07 9.0767e-02 1.9715e-02 3.7887e-06 3.3890e-04 2.1162e-05 7.2752e-05
6.5892e-06 4.5498e+07 2.5115e-01 1.6026e-02 1.8611e-06 2.6339e-04 3.8084e-05 5.2623e-05
6.6296e-06 4.5220e+07 9.7968e-01 3.4523e-02 2.3533e-06 4.3987e-04 4.4385e-05 1.0970e-04
6.6701e-06 4.4946e+07 8.2524e-01 3.8380e-02 2.9816e-06 4.0135e-04 3.2945e-05 9.9667e-05
6.7105e-06 4.4675e+07 9.5189e-02 1.9940e-02 3.5309e-06 1.0257e-04 1.6374e-05 4.7739e-05
6.7509e-06 4.4408e+07 2.4600e-01 1.6155e-02 4.4765e-06 9.1509e-05 1.9624e-05 1.3731e-04
6.7913e-06 4.4143e+07 9.7991e-01 3.4976e-02 4.6207e-06 4.8194e-04 4.2513e-05 3.4449e-04
6.8318e-06 4.3882e+07 8.3513e-01 3.9158e-02 2.9903e-06 6.7229e-04 5.1977e-05 4.0034e-04
6.8722e-06 4.3624e+07 9.9748e-02 2.0276e-02 1.0210e-06 3.8364e-04 3.0821e-05 2.2322e-04
6.9126e-06 4.3369e+07 2.4088e-01 1.5800e-02 4.0504e-07 1.4055e-04 9.7935e-06 1.0138e-04
6.9530e-06 4.3117e+07 9.8015e-01 3.4709e-02 5.3935e-07 3.3580e-04 2.3766e-05 2.6250e-04
6.9934e-06 4.2868e+07 8.4514e-01 3.9444e-02 2.2089e-07 5.7070e-04 5.6504e-05 4.9946e-04
7.0339e-06 4.2621e+07 1.0445e-01 2.0567e-02 4.9023e-08 4.0342e-04 6.3545e-05 4.7812e-04
7.0743e-06 4.2378e+07 2.3580e-01 1.5731e-02 9.8206e-07 1.2068e-04 3.8573e-05 2.5434e-04
7.1147e-06 4.2137e+07 9.8040e-01 3.4773e-02 2.1691e-06 2.1162e-04 1.9633e-05 1.7364e-04
7.1551e-06 4.1899e+07 8.5526e-01 3.9865e-02 2.3749e-06 5.3845e-04 2.9445e-05 3.1765e-04
7.1956e-06 4.1663e+07 1.0929e-01 2.0735e-02 2.1409e-06 5.9737e-04 4.5149e-05 3.8940e-04
7.2360e-06 4.1431e+07 2.3075e-01 1.5410e-02 2.5446e-06 3.1876e-04 3.9452e-05 2.1143e-04
7.2764e-06 4.1201e+07 9.8066e-01 3.4677e-02 3.1241e-06 9.6150e-05 2.3907e-05 1.7905e-05
7.3168e-06 4.0973e+07 8.6550e-01 4.0368e-02 2.8834e-06 1.5350e-04 2.8806e-05 6.9245e-05
7.3573e-06 4.0748e+07 1.1428e-01 2.1188e-02 2.1303e-06 2.9770e-04 5.3715e-05 2.3095e-04
7.3977e-06 4.0525e+07 2.2574e-01 1.5399e-02 1.6585e-06 2.8748e-04 6.4079e-05 2.1224e-04
7.4381e-06 4.0305e+07 9.8092e-01 3.4755e-02 1.3188e-06 1.6857e-04 4.0360e-05 6.6078e-05
7.4785e-06 4.0087e+07 8.7586e-01 4.0887e-02 8.8162e-07 1.6744e-04 1.0102e-05 1.1103e-04
7.5190e-06 3.9871e+07 1.1941e-01 2.1610e-02 1.0329e-06 3.5401e-04 1.4423e-05 3.8746e-04
7.5594e-06 3.9658e+07 2.2076e-01 1.5429e-02 2.1549e-06 5.0371e-04 5.1130e-05 5.4387e-04
7.5998e-06 3.9447e+07 9.8120e-01 3.4940e-02 3.3931e-06 3.7936e-04 7.4170e-05 3.6198e-04
7.6402e-06 3.9239e+07 8.8635e-01 4.1414e-02 4.0316e-06 1.1386e-04 5.4321e-05 8.7741e-05
7.6807e-06 3.9032e+07 1.2470e-01 2.1775e-02 4.3833e-06 7.6180e-05 1.7176e-05 4.8623e-05
7.7211e-06 3.8828e+07 2.1581e-01 1.4986e-02 4.5464e-06 2.9382e-04 4.2744e-06 1.8139e-04
7.7615e-06 3.8626e+07 9.8147e-01 3.4720e-02 4.0658e-06 3.6576e-04 1.6094e-05 1.9820e-04
7.8019e-06 3.8425e+07 8.9696e-01 4.1891e-02 3.3898e-06 1.4759e-04 2.1006e-05 6.3526e-05
7.8424e-06 3.8227e+07 1.3014e-01 2.2256e-02 3.3992e-06 7.8403e-05 1.0118e-05 3.8701e-06
7.8828e-06 3.8031e+07 2.1090e-01 1.4964e-02 3.1824e-06 4.4577e-04 8.4826e-06 1.0067e-04
7.9232e-06 3.7837e+07 9.8176e-01 3.4758e-02 1.4252e-06 7.8156e-04 2.8395e-05 1.7288e-04
7.9636e-06 3.7645e+07 9.0770e-01 4.2405e-02 3.3834e-07 5.5597e-04 4.5012e-05 1.0023e-04
8.0041e-06 3.7455e+07 1.3573e-01 2.2691e-02 3.6379e-06 8.8313e-05 3.5071e-05 7.0037e-06
8.0445e-06 3.7267e+07 2.0601e-01 1.4967e-02 9.2522e-06 6.6771e-05 1.5459e-05 3.2078e-05
8.0849e-06 3.7080e+07 9.8206e-01 3.4921e-02 9.7886e-06 4.4434e-04 1.9417e-05 1.2182e-04
8.1253e-06 3.6896e+07 9.1858e-01 4.3050e-02 3.7400e-06 5.9976e-04 4.6717e-05 1.7535e-04
8.1658e-06 3.6713e+07 1.4149e-01 2.3172e-02 4.8913e-07 4.1846e-04 6.2612e-05 2.3309e-04
8.2062e-06 3.6532e+07 2.0117e-01 1.4973e-02 8.2922e-06 3.5992e-04 4.5947e-05 3.6823e-04
8.2466e-06 3.6353e+07 9.8236e-01 3.5167e-02 2.1425e-05 5.0927e-04 1.7188e-05 4.9780e-04
8.2870e-06 3.6176e+07 9.2959e-01 4.3847e-02 2.6418e-05 4.5667e-04 8.9077e-06 4.6632e-04
8.3275e-06 3.6000e+07 1.4741e-01 2.3625e-02 1.9004e-05 1.9603e-04 2.2075e-05 2.7890e-04
8.3679e-06 3.5827e+07 1.9636e-01 1.4489e-02 7.7153e-06 2.5208e-04 2.9161e-05 1.1245e-04
8.4083e-06 3.5654e+07 9.8267e-01 3.4516e-02 1.3362e-06 7.0323e-04 1.7683e-05 8.8685e-05
8.4487e-06 3.5484e+07 9.4074e-01 4.3823e-02 5.1314e-08 9.2183e-04 8.3086e-06 1.3917e-04
8.4892e-06 3.5315e+07 1.5349e-01 2.3878e-02 9.3177e-08 6.0330e-04 1.8673e-05 1.3131e-04
8.5296e-06 3.5147e+07 1.9158e-01 1.4568e-02 3.6986e-07 2.8273e-04 3.0682e-05 6.0375e-05
8.5700e-06 3.4982e+07 9.8299e-01 3.4820e-02 1.3573e-06 4.3416e-04 1.9668e-05 4.8351e-05
8.6104e-06 3.4817e+07 9.5204e-01 4.4581e-02 2.0727e-06 7.4569e-04 2.3906e-06 1.5567e-04
8.6509e-06 3.4655e+07 1.5975e-01 2.4384e-02 1.6279e-06 7.4370e-04 1.8568e-05 2.6440e-04
8.6913e-06 3.4493e+07 1.8683e-01 1.4391e-02 1.1172e-06 5.4394e-04 6.4860e-05 2.2152e-04
8.7317e-06 3.4334e+07 9.8332e-01 3.4643e-02 1.5094e-06 4.9204e-04 8.9088e-05 7.2797e-05
8.7721e-06 3.4176e+07 9.6348e-01 4.4968e-02 1.7911e-06 5.3567e-04 6.3388e-05 3.0938e-05
8.8126e-06 3.4019e+07 1.6618e-01 2.4839e-02 1.0037e-06 4.3542e-04 2.2834e-05 1.6881e-04
8.8530e-06 3.3863e+07 1.8213e-01 1.4443e-02 1.0095e-07 2.3729e-04 8.5798e-06 2.8649e-04
8.8934e-06 3.3710e+07 9.8365e-01 3.4713e-02 2.1121e-07 1.2670e-04 1.1666e-05 2.0071e-04
8.9338e-06 3.3557e+07 9.7507e-01 4.5365e-02 9.2417e-07 1.1123e-04 6.4799e-06 3.6097e-05
8.9743e-06 3.3406e+07 1.7278e-01 2.5103e-02 1.7152e-06 1.5755e-04 4.6021e-06 3.8825e-05
9.0147e-06 3.3256e+07 1.7745e-01 1.4445e-02 3.2417e-06 3.2989e-04 2.9776e-05 1.8782e-04
9.0551e-06 3.3108e+07 9.8400e-01 3.5109e-02 5.6895e-06 5.3743e-04 6.2745e-05 2.3639e-04
9.0955e-06 3.2960e+07 9.8681e-01 4.6218e-02 7.3423e-06 4.9692e-04 6.1777e-05 1.2109e-04
9.1360e-06 3.2815e+07 1.7957e-01 2.5425e-02 6.4175e-06 1.9807e-04 2.8624e-05 5.7675e-05
9.1764e-06 3.2670e+07 1.7282e-01 1.3929e-02 3.4723e-06 4.2457e-05 6.6187e-06 1.7072e-04
9.2168e-06 3.2527e+07 9.8435e-01 3.4884e-02 8.2651e-07 2.6941e-04 1.4364e-05 2.8734e-04
9.2572e-06 3.2385e+07 9.9871e-01 4.6998e-02 1.7034e-07 6.0559e-04 2.4909e-05 2.2593e-04
9.2976e-06 3.2244e+07 1.8655e-01 2.6349e-02 1.3722e-06 7.1854e-04 1.6300e-05 7.1381e-05
9.3381e-06 3.2104e+07 1.6822e-01 1.4168e-02 2.9885e-06 6.3783e-04 3.7302e-06 2.3349e-06
9.3785e-06 3.1966e+07 9.8471e-01 3.4948e-02 3.5034e-06 4.9957e-04 8.7647e-06 2.4671e-05
9.4189e-06 3.1829e+07 1.0108e+00 4.7437e-02 2.6350e-06 2.9203e-04 2.6128e-05 5.3016e-05
9.4593e-06 3.1693e+07 1.9371e-01 2.6641e-02 1.5675e-06 1.1450e-04 3.5746e-05 1.0357e-04
9.4998e-06 3.1558e+07 1.6365e-01 1.3995e-02 1.3718e-06 2.5024e-04 2.9327e-05 2.1225e-04
9.5402e-06 3.1424e+07 9.8508e-01 3.5127e-02 1.5418e-06 6.6550e-04 1.4739e-05 2.8431e-04
9.5806e-06 3.1292e+07 1.0230e+00 4.8424e-02 1.0163e-06 8.5128e-04 5.0094e-06 2.2816e-04
9.6210e-06 3.1160e+07 2.0107e-01 2.7472e-02 1.7698e-07 5.2194e-04 6.2333e-06 1.4462e-04
9.6615e-06 3.1030e+07 1.5913e-01 1.3882e-02 4.1616e-07 9.9290e-05 1.0240e-05 1.8029e-04
9.7019e-06 3.0900e+07 9.8547e-01 3.4800e-02 1.8115e-06 1.1889e-04 5.4787e-06 2.6932e-04
9.7423e-06 3.0772e+07 1.0354e+00 4.8740e-02 2.7092e-06 4.7648e-04 3.9239e-07 2.3306e-04
9.7827e-06 3.0645e+07 2.0862e-01 2.7989e-02 1.9694e-06 6.6135e-04 1.8167e-05 8.4074e-05
9.8232e-06 3.0519e+07 1.5464e-01 1.3969e-02 5.0375e-07 4.8440e-04 5.6669e-05 8.7465e-06
9.8636e-06 3.0394e+07 9.8586e-01 3.4891e-02 6.5141e-08 1.9008e-04 7.8610e-05 6.3583e-05
9.9040e-06 3.0270e+07 1.0480e+00 4.9299e-02 1.1716e-06 2.5812e-05 6.2662e-05 1.0794e-04
9.9444e-06 3.0147e+07 2.1638e-01 2.8457e-02 2.6613e-06 3.3627e-05 3.7832e-05 6.1153e-05
9.9849e-06 3.0025e+07 1.5019e-01 1.3875e-02 3.0812e-06 1.4668e-04 3.7968e-05 2.4049e-05
1.0025e-05 2.9904e+07 9.8626e-01 3.4819e-02 2.2910e-06 2.4779e-04 4.8516e-05 8.4440e-05
1.0066e-05 2.9784e+07 1.0607e+00 4.9710e-02 1.4521e-06 2.4020e-04 3.6166e-05 1.6681e-04
1.0106e-05 2.9664e+07 2.2435e-01 2.8781e-02 1.2793e-06 2.0049e-04 8.9257e-06 1.5805e-04
1.0147e-05 2.9546e+07 1.4578e-01 1.3775e-02 1.0607e-06 3.0206e-04 2.1036e-06 7.1918e-05
1.0187e-05 2.9429e+07 9.8667e-01 3.5044e-02 3.0339e-07 5.1083e-04 1.9181e-05 1.6955e-05
1.0227e-05 2.9313e+07 1.0737e+00 5.0664e-02 2.3652e-07 5.9008e-04 3.2118e-05 6.4149e-05
1.0268e-05 2.9197e+07 2.3254e-01 2.9586e-02 1.6907e-06 4.6673e-04 3.1372e-05 1.7783e-04
1.0308e-05 2.9083e+07 1.4140e-01 1.3807e-02 2.6078e-06 3.0760e-04 3.1399e-05 2.3760e-04
1.0349e-05 2.8969e+07 9.8709e-01 3.5009e-02 1.1834e-06 1.9657e-04 3.3065e-05 1.5585e-04
1.0389e-05 2.8856e+07 1.0868e+00 5.1144e-02 1.2376e-06 9.1764e-05 2.4617e-05 3.0384e-05
1.0430e-05 2.8745e+07 2.4094e-01 2.9995e-02 9.3559e-06 1.2718e-04 1.5674e-05 1.0106e-04
1.0470e-05 2.8634e+07 1.3707e-01 1.3834e-02 2.4434e-05 4.9503e-04 2.6625e-05 4.3919e-04
1.0510e-05 2.8523e+07 9.8752e-01 3.5538e-02 3.4854e-05 9.4798e-04 4.6917e-05 7.6592e-04
1.0551e-05 2.8414e+07 1.1001e+00 5.2543e-02 3.0599e-05 9.5067e-04 4.6861e-05 7.5134e-04
1.0591e-05 2.8306e+07 2.4957e-01 3.1061e-02 1.5509e-05 4.8700e-04 2.8314e-05 4.3422e-04
1.0632e-05 2.8198e+07 1.3278e-01 1.3714e-02 2.8891e-06 1.5501e-04 1.9412e-05 1.4307e-04
1.0672e-05 2.8091e+07 9.8797e-01 3.5175e-02 4.7031e-07 2.4124e-04 2.1890e-05 4.5442e-05
1.0713e-05 2.7985e+07 1.1136e+00 5.2935e-02 4.2941e-06 3.2357e-04 1.2846e-05 2.4734e-05
1.0753e-05 2.7880e+07 2.5842e-01 3.1610e-02 6.6405e-06 1.2392e-04 2.7542e-08 2.2892e-06
1.0793e-05 2.7776e+07 1.2854e-01 1.3665e-02 4.9611e-06 9.0916e-05 2.0720e-05 8.4630e-05
1.0834e-05 2.7672e+07 9.8842e-01 3.5165e-02 1.8669e-06 6.0776e-04 7.3229e-05 2.9363e-04
1.0874e-05 2.7569e+07 1.1273e+00 5.3647e-02 1.6400e-07 1.1881e-03 1.0173e-04 4.2063e-04
1.0915e-05 2.7467e+07 2.6752e-01 3.2336e-02 2.2773e-07 1.1256e-03 7.2993e-05 3.1827e-04
1.0955e-05 2.7366e+07 1.2433e-01 1.3655e-02 7.4736e-07 5.5706e-04 2.6601e-05 1.3413e-04
1.0995e-05 2.7265e+07 9.8888e-01 3.5063e-02 5.8456e-07 2.0263e-04 2.1124e-05 7.4791e-05
1.1036e-05 2.7165e+07 1.1413e+00 5.4180e-02 1.2753e-07 3.1084e-04 6.0723e-05 1.1056e-04
1.1076e-05 2.7066e+07 2.7686e-01 3.2903e-02 6.9527e-07 5.1304e-04 1.0116e-04 1.0944e-04
1.1117e-05 2.6968e+07 1.2017e-01 1.3619e-02 2.2759e-06 5.5174e-04 1.0732e-04 1.0953e-04
1.1157e-05 2.6870e+07 9.8936e-01 3.5083e-02 3.0026e-06 5.1265e-04 8.2234e-05 2.2106e-04
1.1198e-05 2.6773e+07 1.1554e+00 5.4877e-02 1.8266e-06 4.1864e-04 5.1319e-05 3.5670e-04
1.1238e-05 2.6677e+07 2.8644e-01 3.3569e-02 2.7202e-07 2.0031e-04 3.3954e-05 3.1775e-04
1.1278e-05 2.6581e+07 1.1605e-01 1.3611e-02 1.6025e-07 5.4246e-05 2.7121e-05 1.2181e-04
1.1319e-05 2.6486e+07 9.8985e-01 3.5131e-02 1.0763e-06 2.5806e-04 1.5981e-05 3.2813e-06
1.1359e-05 2.6392e+07 1.1698e+00 5.5640e-02 1.6449e-06 5.9642e-04 3.5716e-06 6.1892e-05
1.1400e-05 2.6298e+07 2.9628e-01 3.4302e-02 1.7528e-06 5.4516e-04 1.4641e-05 1.3210e-04
1.1440e-05 2.6205e+07 1.1198e-01 1.3619e-02 1.8148e-06 1.4785e-04 5.4598e-05 7.8990e-05
1.1481e-05 2.6113e+07 9.9035e-01 3.5130e-02 1.4475e-06 1.3232e-04 8.5331e-05 2.7032e-05
1.1521e-05 2.6021e+07 1.1843e+00 5.6313e-02 6.0106e-07 8.6586e-04 7.0197e-05 1.5049e-04
1.1561e-05 2.5930e+07 3.0639e-01 3.4934e-02 3.3194e-07 1.6703e-03 2.6692e-05 3.6684e-04
1.1602e-05 2.5840e+07 1.0796e-01 1.3553e-02 8.7101e-07 1.6224e-03 1.2861e-06 4.2535e-04
1.1642e-05 2.5750e+07 9.9086e-01 3.5122e-02 9.2141e-07 7.7131e-04 5.7856e-06 2.6432e-04
1.1683e-05 2.5661e+07 1.1992e+00 5.7051e-02 3.2998e-07 7.6937e-05 1.5407e-05 1.0049e-04
1.1723e-05 2.5573e+07 3.1677e-01 3.5690e-02 8.2280e-07 1.9379e-04 1.8385e-05 1.1961e-04
1.1764e-05 2.5485e+07 1.0399e-01 1.3666e-02 2.4522e-06 7.6686e-04 2.6060e-05 2.2907e-04
1.1804e-05 2.5398e+07 9.9139e-01 3.5299e-02 2.6812e-06 1.0528e-03 3.8227e-05 2.2865e-04
1.1844e-05 2.5311e+07 1.2142e+00 5.7848e-02 1.1324e-06 8.5597e-04 3.8407e-05 1.2131e-04
1.1885e-05 2.5225e+07 3.2742e-01 3.6310e-02 1.1523e-06 5.5134e-04 2.5302e-05 8.4447e-05
1.1925e-05 2.5139e+07 1.0006e-01 1.3659e-02 3.6828e-06 4.1841e-04 1.7057e-05 1.6692e-04
1.1966e-05 2.5054e+07 9.9192e-01 3.5730e-02 4.3953e-06 3.7048e-04 2.3651e-05 2.1798e-04
1.2006e-05 2.4970e+07 1.2295e+00 5.9304e-02 1.3640e-06 3.0294e-04 3.9224e-05 1.6687e-04
1.2047e-05 2.4886e+07 3.3837e-01 3.7501e-02 5.8809e-07 2.9028e-04 5.5456e-05 1.7096e-04
1.2087e-05 2.4803e+07 9.6190e-02 1.3617e-02 7.4218e-06 3.3179e-04 6.2282e-05 3.5455e-04
1.2127e-05 2.4720e+07 9.9248e-01 3.5617e-02 1.6390e-05 2.6909e-04 5.1200e-05 5.6485e-04
1.2168e-05 2.4638e+07 1.2451e+00 6.0306e-02 1.7305e-05 1.2023e-04 3.7575e-05 5.7204e-04
1.2208e-05 2.4557e+07 3.4960e-01 3.8674e-02 9.4407e-06 1.3799e-04 5.1910e-05 3.9747e-04
1.2249e-05 2.4476e+07 9.2369e-02 1.3654e-02 1.7882e-06 3.3725e-04 8.5483e-05 2.4151e-04
1.2289e-05 2.4395e+07 9.9304e-01 3.5118e-02 9.2076e-08 3.7890e-04 8.6552e-05 1.7687e-04
1.2329e-05 2.4315e+07 1.2609e+00 6.0421e-02 1.3606e-06 2.2587e-04 4.5662e-05 1.4225e-04
1.2370e-05 2.4236e+07 3.6114e-01 3.9042e-02 1.4445e-06 4.4237e-04 3.0762e-05 1.6972e-04
1.2410e-05 2.4157e+07 8.8602e-02 1.3552e-02 6.3634e-07 1.3286e-03 8.2126e-05 3.4054e-04
1.2451e-05 2.4078e+07 9.9362e-01 3.5165e-02 3.4594e-07 2.1514e-03 1.3010e-04 5.2553e-04
1.2491e-05 2.4000e+07 1.2770e+00 6.1289e-02 3.2485e-07 1.9357e-03 9.7325e-05 4.6850e-04
1.2532e-05 2.3923e+07 3.7299e-01 3.9925e-02 6.2206e-07 8.4553e-04 3.2682e-05 1.8847e-04
1.2572e-05 2.3846e+07 8.4891e-02 1.3660e-02 1.5412e-06 5.4480e-05 4.0618e-05 1.5798e-05
1.2612e-05 2.3770e+07 9.9421e-01 3.5282e-02 1.7542e-06 2.4244e-04 1.0904e-04 1.1960e-04
1.2653e-05 2.3694e+07 1.2934e+00 6.2174e-02 1.4811e-06 8.9031e-04 1.2535e-04 2.6770e-04
1.2693e-05 2.3618e+07 3.8517e-01 4.0750e-02 5.7726e-06 1.1815e-03 5.8045e-05 2.1344e-04
1.2734e-05 2.3543e+07 8.1238e-02 1.3730e-02 1.7335e-05 9.9150e-04 1.8985e-06 7.4409e-05
1.2774e-05 2.3469e+07 9.9482e-01 3.5624e-02 2.7628e-05 7.3716e-04 2.3123e-05 1.0900e-04
1.2815e-05 2.3395e+07 1.3101e+00 6.3613e-02 2.4757e-05 7.0029e-04 7.0412e-05 2.9974e-04
1.2855e-05 2.3321e+07 3.9767e-01 4.2099e-02 1.0777e-05 7.9523e-04 7.7561e-05 4.0513e-04
1.2895e-05 2.3248e+07 7.7643e-02 1.3797e-02 7.0573e-07 7.7806e-04 5.8196e-05 3.2419e-04
1.2936e-05 2.3175e+07 9.9544e-01 3.5329e-02 2.0281e-06 5.3005e-04 5.0555e-05 1.8550e-04
1.2976e-05 2.3103e+07 1.3270e+00 6.4213e-02 6.0792e-06 2.3843e-04 4.7154e-05 1.1920e-04
1.3017e-05 2.3031e+07 4.1052e-01 4.2984e-02 4.0927e-06 2.2237e-04 2.9560e-05 1.2121e-04
1.3057e-05 2.2960e+07 7.4110e-02 1.3999e-02 4.0208e-07 4.4318e-04 1.1643e-05 1.3119e-04
1.3098e-05 2.2889e+07 9.9608e-01 3.5545e-02 2.1945e-06 4.6736e-04 6.7519e-06 1.1817e-04
1.3138e-05 2.2819e+07 1.3443e+00 6.5287e-02 6.0748e-06 1.9598e-04 4.0994e-06 9.3851e-05
1.3178e-05 2.2749e+07 4.2372e-01 4.4010e-02 4.8728e-06 2.0407e-04 5.5304e-06 1.0548e-04
1.3219e-05 2.2679e+07 7.0640e-02 1.3986e-02 7.5466e-07 8.3779e-04 3.0249e-05 1.7687e-04
1.3259e-05 2.2610e+07 9.9674e-01 3.5386e-02 8.0450e-07 1.4213e-03 6.2525e-05 2.3130e-04
1.3300e-05 2.2541e+07 1.3618e+00 6.6077e-02 4.1776e-06 1.1307e-03 5.7885e-05 1.6877e-04
1.3340e-05 2.2473e+07 4.3728e-01 4.4998e-02 4.2974e-06 3.2144e-04 2.1550e-05 4.4674e-05
1.3381e-05 2.2405e+07 6.7235e-02 1.4179e-02 1.0429e-06 4.7375e-05 1.1413e-05 2.5605e-05
1.3421e-05 2.2338e+07 9.9741e-01 3.5548e-02 3.5455e-07 4.4436e-04 4.0518e-05 1.2371e-04
1.3461e-05 2.2271e+07 1.3797e+00 6.7121e-02 2.9056e-06 6.5712e-04 5.2173e-05 1.6349e-04
1.3502e-05 2.2204e+07 4.5122e-01 4.6042e-02 3.2702e-06 3.7709e-04 2.1156e-05 9.4835e-05
1.3542e-05 2.2138e+07 6.3898e-02 1.4211e-02 8.4168e-07 3.1074e-04 1.9969e-07 1.1628e-04
1.3583e-05 2.2072e+07 9.9809e-01 3.5399e-02 2.0152e-06 8.5180e-04 2.5957e-05 3.3708e-04
1.3623e-05 2.2006e+07 1.3979e+00 6.7795e-02 9.0922e-06 1.3523e-03 5.4914e-05 5.3100e-04
1.3664e-05 2.1941e+07 4.6554e-01 4.6811e-02 1.5103e-05 1.1792e-03 4.1314e-05 4.3919e-04
1.3704e-05 2.1876e+07 6.0631e-02 1.4345e-02 1.3429e-05 6.2514e-04 1.1166e-05 1.5788e-04
1.3744e-05 2.1812e+07 9.9880e-01 3.5931e-02 6.5674e-06 2.8449e-04 7.9020e-06 1.2096e-06
1.3785e-05 2.1748e+07 1.4165e+00 6.9517e-02 1.4712e-06 2.7905e-04 2.3569e-05 9.7909e-05
1.3825e-05 2.1684e+07 4.8027e-01 4.8381e-02 6.9063e-07 5.3760e-04 3.1626e-05 3.2777e-04
1.3866e-05 2.1621e+07 5.7437e-02 1.4533e-02 1.8758e-06 1.0908e-03 3.3992e-05 5.3872e-04
1.3906e-05 2.1558e+07 9.9952e-01 3.5846e-02 2.6930e-06 1.6324e-03 3.4694e-05 6.2095e-04
1.3946e-05 2.1496e+07 1.4354e+00 7.0428e-02 2.6062e-06 1.5331e-03 2.2464e-05 4.8927e-04
1.3987e-05 2.1434e+07 4.9540e-01 4.9315e-02 1.7639e-06 7.9016e-04 1.4383e-05 2.1445e-04
1.4027e-05 2.1372e+07 5.4318e-02 1.4342e-02 9.2427e-07 2.5127e-04 5.2281e-05 5.8454e-05
1.4068e-05 2.1311e+07 1.0003e+00 3.5654e-02 1.3373e-06 3.9657e-04 1.1887e-04 1.5352e-04
1.4108e-05 2.1250e+07 1.4547e+00 7.1575e-02 2.9975e-06 6.3473e-04 1.3096e-04 2.7238e-04
1.4149e-05 2.1189e+07 5.1097e-01 5.0774e-02 4.1448e-06 3.7102e-04 6.3155e-05 1.6999e-04
1.4189e-05 2.1128e+07 5.1277e-02 1.4683e-02 3.5916e-06 1.6831e-05 2.7527e-06 1.3680e-05
1.4229e-05 2.1068e+07 1.0010e+00 3.5711e-02 2.2539e-06 2.2705e-04 2.3974e-05 1.4643e-04
1.4270e-05 2.1009e+07 1.4744e+00 7.2622e-02 1.5061e-06 7.7780e-04 8.0335e-05 5.1036e-04
1.4310e-05 2.0949e+07 5.2698e-01 5.1925e-02 1.3510e-06 9.8559e-04 8.9120e-05 6.8164e-04
1.4351e-05 2.0890e+07 4.8318e-02 1.4650e-02 1.0765e-06 7.5994e-04 5.5542e-05 4.8331e-04
1.4391e-05 2.0832e+07 1.0018e+00 3.5376e-02 5.8518e-07 5.0262e-04 3.7375e-05 2.0093e-04
1.4432e-05 2.0773e+07 1.4944e+00 7.3325e-02 2.6725e-07 3.5719e-04 4.3832e-05 1.1615e-04
1.4472e-05 2.0715e+07 5.4344e-01 5.2954e-02 2.9310e-07 2.3545e-04 4.9411e-05 1.5944e-04
1.4512e-05 2.0658e+07 4.5443e-02 1.4925e-02 5.1467e-07 2.3251e-04 6.1222e-05 1.5850e-04
1.4553e-05 2.0600e+07 1.0026e+00 3.5768e-02 6.8009e-07 3.9387e-04 9.2893e-05 1.4243e-04
1.4593e-05 2.0543e+07 1.5149e+00 7.4792e-02 7.9388e-07 4.1942e-04 1.0939e-04 2.0999e-04
1.4634e-05 2.0486e+07 5.6038e-01 5.4281e-02 1.4526e-06 1.7301e-04 7.4532e-05 2.9844e-04
1.4674e-05 2.0430e+07 4.2656e-02 1.4895e-02 3.0569e-06 9.5073e-05 2.2562e-05 2.8078e-04
1.4715e-05 2.0374e+07 1.0034e+00 3.5667e-02 4.4059e-06 5.1766e-04 1.1609e-05 1.7521e-04
1.4755e-05 2.0318e+07 1.5357e+00 7.6126e-02 3.6124e-06 9.8156e-04 3.4910e-05 1.0085e-04
1.4795e-05 2.0263e+07 5.7780e-01 5.5948e-02 1.1902e-06 8.7748e-04 4.6214e-05 9.9258e-05
1.4836e-05 2.0207e+07 3.9961e-02 1.5300e-02 1.5466e-07 3.8220e-04 4.3292e-05 1.2252e-04
1.4876e-05 2.0152e+07 1.0043e+00 3.5666e-02 1.6340e-06 9.3562e-05 5.5118e-05 1.5790e-04
1.4917e-05 2.0098e+07 1.5570e+00 7.7139e-02 2.8374e-06 1.1554e-04 7.1797e-05 2.7134e-04
1.4957e-05 2.0044e+07 5.9574e-01 5.7127e-02 1.6071e-06 2.2244e-04 6.0476e-05 5.1493e-04
1.4998e-05 1.9989e+07 3.7360e-02 1.5387e-02 2.7189e-07 5.5796e-04 3.3441e-05 8.0473e-04
1.5038e-05 1.9936e+07 1.0051e+00 3.5711e-02 1.6305e-06 1.3244e-03 3.0627e-05 9.1642e-04
1.5078e-05 1.9882e+07 1.5788e+00 7.8511e-02 3.6378e-06 2.0157e-03 4.7021e-05 6.9085e-04
1.5119e-05 1.9829e+07 6.1419e-01 5.8747e-02 2.6740e-06 1.8680e-03 4.3521e-05 2.7780e-04
1.5159e-05 1.9776e+07 3.4860e-02 1.5760e-02 3.3433e-07 1.0281e-03 2.0049e-05 3.8289e-05
1.5200e-05 1.9724e+07 1.0060e+00 3.5773e-02 1.3277e-06 4.3767e-04 1.3213e-05 1.0915e-04
1.5240e-05 1.9671e+07 1.6010e+00 7.9659e-02 5.1034e-06 4.8978e-04 2.6713e-05 2.2960e-04
1.5280e-05 1.9619e+07 6.3319e-01 6.0051e-02 5.8648e-06 6.0474e-04 2.6921e-05 1.5683e-04
1.5321e-05 1.9568e+07 3.2462e-02 1.5968e-02 2.1416e-06 3.2668e-04 7.9160e-06 5.3643e-05
1.5361e-05 1.9516e+07 1.0069e+00 3.5978e-02 9.8662e-08 6.5884e-05 1.4987e-06 1.9344e-04
1.5402e-05 1.9465e+07 1.6236e+00 8.1112e-02 4.2529e-06 3.2920e-04 1.6427e-05 4.4699e-04
1.5442e-05 1.9414e+07 6.5276e-01 6.1491e-02 1.0186e-05 7.9808e-04 2.2808e-05 4.4171e-04
1.5483e-05 1.9363e+07 3.0173e-02 1.6080e-02 1.0856e-05 7.7895e-04 9.8795e-06 1.7405e-04
1.5523e-05 1.9313e+07 1.0078e+00 3.6244e-02 6.2874e-06 3.1975e-04 1.0738e-05 5.1490e-05
1.5563e-05 1.9263e+07 1.6468e+00 8.3110e-02 2.0969e-06 2.4866e-04 4.8438e-05 2.7006e-04
1.5604e-05 1.9213e+07 6.7291e-01 6.3677e-02 9.8093e-07 9.8765e-04 9.3647e-05 5.3415e-04
1.5644e-05 1.9163e+07 2.7997e-02 1.6483e-02 8.7537e-07 1.8096e-03 1.0123e-04 5.2786e-04
1.5685e-05 1.9114e+07 1.0088e+00 3.6077e-02 3.1367e-07 1.7021e-03 6.9014e-05 3.3023e-04
1.5725e-05 1.9065e+07 1.6705e+00 8.4362e-02 4.8134e-07 7.8246e-04 3.8460e-05 1.8829e-04
1.5766e-05 1.9016e+07 6.9367e-01 6.5375e-02 1.7314e-06 2.5484e-04 4.3727e-05 1.6722e-04
1.5806e-05 1.8967e+07 2.5939e-02 1.6820e-02 2.2996e-06 7.8819e-04 7.4217e-05 2.2491e-04
1.5846e-05 1.8919e+07 1.0098e+00 3.6046e-02 1.4556e-06 1.5569e-03 9.0478e-05 3.8006e-04
1.5887e-05 1.8870e+07 1.6947e+00 8.5728e-02 7.4485e-07 1.4156e-03 7.1819e-05 5.8080e-04
1.5927e-05 1.8823e+07 7.1506e-01 6.7129e-02 1.1324e-06 5.3309e-04 3.8850e-05 6.1305e-04
1.5968e-05 1.8775e+07 2.4005e-02 1.7185e-02 1.5595e-06 6.3428e-05 2.4841e-05 3.7607e-04
1.6008e-05 1.8728e+07 1.0108e+00 3.5984e-02 1.2109e-06 4.6447e-04 3.7504e-05 9.4447e-05
1.6049e-05 1.8680e+07 1.7195e+00 8.6945e-02 8.0971e-07 1.0990e-03 6.1632e-05 3.7911e-05
1.6089e-05 1.8633e+07 7.3711e-01 6.8657e-02 8.0293e-07 1.4659e-03 8.5323e-05 1.6262e-04
1.6129e-05 1.8587e+07 2.2200e-02 1.7430e-02 5.2797e-07 1.7792e-03 1.0286e-04 2.3957e-04
1.6170e-05 1.8540e+07 1.0118e+00 3.6059e-02 5.8355e-08 2.0909e-03 1.0379e-04 2.1404e-04
1.6210e-05 1.8494e+07 1.7448e+00 8.8473e-02 6.2749e-07 1.8735e-03 8.4072e-05 2.1176e-04
1.6251e-05 1.8448e+07 7.5984e-01 7.0442e-02 2.1982e-06 9.9524e-04 5.9654e-05 2.8067e-04
1.6291e-05 1.8402e+07 2.0530e-02 1.7818e-02 2.8135e-06 2.7521e-04 4.8343e-05 3.5780e-04
1.6332e-05 1.8357e+07 1.0129e+00 3.6350e-02 1.5798e-06 4.3576e-04 5.1419e-05 4.3891e-04
1.6372e-05 1.8311e+07 1.7707e+00 9.0397e-02 2.0888e-07 1.1243e-03 6.8865e-05 5.5734e-04
1.6412e-05 1.8266e+07 7.8327e-01 7.2573e-02 2.4689e-07 1.5406e-03 1.0447e-04 6.1687e-04
1.6453e-05 1.8221e+07 1.9001e-02 1.8196e-02 8.0771e-07 1.4691e-03 1.3437e-04 4.6812e-04
1.6493e-05 1.8177e+07 1.0140e+00 3.6300e-02 5.8882e-07 1.1520e-03 1.1356e-04 1.8208e-04
1.6534e-05 1.8132e+07 1.7973e+00 9.1969e-02 1.4711e-07 7.0014e-04 4.8597e-05 5.3631e-05
1.6574e-05 1.8088e+07 8.0744e-01 7.4570e-02 4.0623e-07 2.1622e-04 1.2236e-05 2.5080e-04
1.6614e-05 1.8044e+07 1.7622e-02 1.8624e-02 7.8107e-07 2.0378e-05 3.8203e-05 5.8555e-04
1.6655e-05 1.8000e+07 1.0151e+00 3.6361e-02 7.2510e-07 2.0070e-04 6.2415e-05 7.1786e-04
1.6695e-05 1.7957e+07 1.8245e+00 9.3647e-02 1.2956e-06 3.6395e-04 3.2030e-05 5.1958e-04
1.6736e-05 1.7913e+07 8.3238e-01 7.6632e-02 2.9833e-06 2.7792e-04 1.4776e-06 1.8042e-04
1.6776e-05 1.7870e+07 1.6398e-02 1.9035e-02 3.8292e-06 2.4547e-04 3.2261e-05 1.7482e-06
1.6817e-05 1.7827e+07 1.0162e+00 3.6286e-02 2.3639e-06 4.1180e-04 7.1921e-05 1.2088e-04
1.6857e-05 1.7784e+07 1.8523e+00 9.5055e-02 8.1492e-07 3.7194e-04 4.7487e-05 3.9650e-04
1.6897e-05 1.7742e+07 8.5812e-01 7.8389e-02 2.2178e-06 4.6492e-05 8.5538e-06 5.4023e-04
1.6938e-05 1.7700e+07 1.5338e-02 1.9436e-02 5.3877e-06 2.0962e-04 3.6998e-05 3.9945e-04
1.6978e-05 1.7657e+07 1.0174e+00 3.6886e-02 6.1980e-06 1.3113e-03 8.0520e-05 1.2435e-04
1.7019e-05 1.7615e+07 1.8808e+00 9.7740e-02 3.5459e-06 2.3845e-03 4.9224e-05 7.3492e-06
1.7059e-05 1.7574e+07 8.8469e-01 8.1245e-02 7.3190e-07 2.1507e-03 2.5176e-05 1.4493e-04
1.7100e-05 1.7532e+07 1.4449e-02 1.9905e-02 5.8788e-07 8.7107e-04 1.6156e-04 3.3515e-04
1.7140e-05 1.7491e+07 1.0186e+00 3.6452e-02 2.1344e-06 6.3631e-05 3.8563e-04 3.5622e-04
1.7180e-05 1.7450e+07 1.9101e+00 9.9071e-02 2.8265e-06 4.8507e-04 4.3895e-04 2.5305e-04
1.7221e-05 1.7409e+07 9.1213e-01 8.3296e-02 1.8763e-06 1.3472e-03 2.5290e-04 2.3099e-04
1.7261e-05 1.7368e+07 1.3742e-02 2.0418e-02 4.7233e-07 1.6020e-03 5.3849e-05 3.2745e-04
1.7302e-05 1.7327e+07 1.0199e+00 3.6656e-02 7.4086e-08 1.1598e-03 2.1028e-05 3.7068e-04
1.7342e-05 1.7287e+07 1.9400e+00 1.0118e-01 9.3790e-07 5.9964e-04 6.4672e-05 2.7721e-04
1.7383e-05 1.7247e+07 9.4047e-01 8.5910e-02 1.8356e-06 3.3159e-04 5.0183e-05 1.8462e-04
1.7423e-05 1.7207e+07 1.3224e-02 2.1082e-02 2.0035e-06 3.8416e-04 2.4555e-05 2.0409e-04
1.7463e-05 1.7167e+07 1.0212e+00 3.6577e-02 3.5384e-06 6.1023e-04 7.0090e-05 2.5442e-04
1.7504e-05 1.7127e+07 1.9708e+00 1.0265e-01 9.1277e-06 7.8153e-04 1.1757e-04 2.9207e-04
1.7544e-05 1.7088e+07 9.6976e-01 8.7698e-02 1.6106e-05 6.7772e-04 7.8247e-05 4.7402e-04
1.7585e-05 1.7048e+07 1.2906e-02 2.1178e-02 1.6985e-05 3.1538e-04 1.9694e-05 8.3860e-04
1.7625e-05 1.7009e+07 1.0225e+00 3.6719e-02 9.4078e-06 4.5017e-05 4.1619e-05 1.0376e-03
1.7666e-05 1.6970e+07 2.0024e+00 1.0524e-01 1.3121e-06 2.8119e-04 9.3678e-05 7.5418e-04
1.7706e-05 1.6932e+07 1.0000e+00 9.0908e-02 7.9936e-07 1.0186e-03 7.6429e-05 2.4751e-04
1.7746e-05 1.6893e+07 1.2799e-02 2.2100e-02 4.8081e-06 1.6083e-03 2.0201e-05 4.3984e-05
1.7787e-05 1.6855e+07 1.0239e+00 3.6706e-02 4.9639e-06 1.3029e-03 1.1114e-05 1.6764e-04
1.7827e-05 1.6817e+07 2.0348e+00 1.0704e-01 1.2388e-06 3.3225e-04 3.2948e-05 2.0755e-04
1.7868e-05 1.6778e+07 1.0313e+00 9.3320e-02 4.1546e-07 1.3024e-04 2.7108e-05 1.5187e-04
1.7908e-05 1.6741e+07 1.2913e-02 2.2674e-02 2.8963e-06 1.8064e-03 2.0123e-05 4.9235e-04
1.7949e-05 1.6703e+07 1.0253e+00 3.6859e-02 2.4859e-06 4.4118e-03 5.4302e-05 1.2807e-03
1.7989e-05 1.6665e+07 2.0681e+00 1.0922e-01 1.0659e-08 5.5613e-03 8.2825e-05 1.7513e-03
1.8029e-05 1.6628e+07 1.0637e+00 9.5953e-02 4.5765e-06 4.1239e-03 6.5826e-05 1.3324e-03
1.8070e-05 1.6591e+07 1.3262e-02 2.3283e-02 1.7213e-05 1.5842e-03 7.0471e-05 4.9868e-04
1.8110e-05 1.6554e+07 1.0267e+00 3.7257e-02 2.5421e-05 2.0058e-04 1.4016e-04 7.2203e-05
1.8151e-05 1.6517e+07 2.1023e+00 1.1212e-01 2.0840e-05 4.0453e-04 1.7727e-04 1.1004e-04
1.8191e-05 1.6480e+07 1.0972e+00 9.9400e-02 1.1453e-05 7.9531e-04 1.0952e-04 1.1687e-04
1.8231e-05 1.6444e+07 1.3857e-02 2.4149e-02 7.6661e-06 4.1209e-04 5.5919e-05 1.6371e-05
1.8272e-05 1.6407e+07 1.0282e+00 3.7166e-02 6.7017e-06 5.2763e-05 1.4634e-04 1.6690e-04
1.8312e-05 1.6371e+07 2.1374e+00 1.1423e-01 2.2365e-06 9.8533e-04 2.7843e-04 5.5996e-04
1.8353e-05 1.6335e+07 1.1319e+00 1.0236e-01 6.5036e-07 2.9192e-03 2.5731e-04 7.3913e-04
1.8393e-05 1.6299e+07 1.4712e-02 2.5051e-02 1.2821e-05 4.0251e-03 1.0262e-04 5.4161e-04
1.8434e-05 1.6263e+07 1.0297e+00 3.7404e-02 3.3939e-05 3.1452e-03 6.9452e-06 2.9840e-04
1.8474e-05 1.6228e+07 2.1736e+00 1.1641e-01 4.6302e-05 1.3555e-03 3.4932e-05 2.2764e-04
1.8514e-05 1.6192e+07 1.1678e+00 1.0466e-01 4.1789e-05 6.1918e-04 6.9837e-05 1.8905e-04
1.8555e-05 1.6157e+07 1.5843e-02 2.4802e-02 2.8940e-05 1.2044e-03 3.9713e-05 1.2709e-04
1.8595e-05 1.6122e+07 1.0313e+00 3.7008e-02 1.7550e-05 1.5707e-03 4.2246e-06 2.1367e-04
1.8636e-05 1.6087e+07 2.2108e+00 1.1934e-01 9.1303e-06 9.4358e-04 1.2744e-05 4.1931e-04
1.8676e-05 1.6052e+07 1.2050e+00 1.0885e-01 4.7654e-06 5.4071e-04 3.9719e-05 4.5241e-04
1.8717e-05 1.6017e+07 1.7265e-02 2.6489e-02 9.2265e-06 1.4199e-03 6.8899e-05 2.8781e-04
1.8757e-05 1.5983e+07 1.0329e+00 3.7704e-02 2.1258e-05 2.5124e-03 1.0649e-04 2.7686e-04
1.8797e-05 1.5949e+07 2.2491e+00 1.2235e-01 2.9674e-05 2.2295e-03 1.1695e-04 5.4366e-04
1.8838e-05 1.5914e+07 1.2436e+00 1.1229e-01 2.6220e-05 9.7420e-04 6.7414e-05 7.2732e-04
1.8878e-05 1.5880e+07 1.8994e-02 2.6809e-02 1.5739e-05 3.2473e-04 1.2901e-05 5.4869e-04
1.8919e-05 1.5846e+07 1.0346e+00 3.6865e-02 7.9244e-06 4.7846e-04 2.0379e-05 2.1986e-04
1.8959e-05 1.5813e+07 2.2885e+00 1.2436e-01 5.0880e-06 4.2395e-04 4.9421e-05 4.9519e-05
1.9000e-05 1.5779e+07 1.2836e+00 1.1576e-01 3.7254e-06 1.2076e-04 2.9879e-05 2.1506e-05
1.9040e-05 1.5745e+07 2.1049e-02 2.8042e-02 2.5903e-06 3.8808e-04 5.5732e-07 1.8663e-05
1.9080e-05 1.5712e+07 1.0363e+00 3.7257e-02 2.6450e-06 9.0784e-04 3.4721e-05 1.0572e-04
1.9121e-05 1.5679e+07 2.3291e+00 1.2734e-01 2.7168e-06 6.3140e-04 9.2617e-05 3.0368e-04
1.9161e-05 1.5646e+07 1.3250e+00 1.1960e-01 1.2551e-06 1.5591e-04 9.8865e-05 3.9350e-04
1.9202e-05 1.5613e+07 2.3450e-02 2.9146e-02 6.0890e-08 1.2141e-03 9.7432e-05 2.4013e-04
1.9242e-05 1.5580e+07 1.0381e+00 3.7386e-02 1.3777e-06 3.4338e-03 1.6073e-04 5.0479e-05
1.9283e-05 1.5547e+07 2.3710e+00 1.3022e-01 3.3822e-06 4.1693e-03 2.1368e-04 3.2644e-05
1.9323e-05 1.5515e+07 1.3681e+00 1.2348e-01 2.9328e-06 2.3933e-03 1.4222e-04 6.4644e-05
1.9363e-05 1.5482e+07 2.6216e-02 3.0270e-02 8.2533e-07 3.5993e-04 2.2773e-05 2.0387e-05
1.9404e-05 1.5450e+07 1.0400e+00 3.7473e-02 1.1033e-07 2.6494e-04 3.1501e-05 1.7630e-04
1.9444e-05 1.5418e+07 2.4141e+00 1.3297e-01 8.9432e-07 1.4323e-03 1.5383e-04 8.6309e-04
1.9485e-05 1.5386e+07 1.4128e+00 1.2706e-01 9.4717e-07 2.1038e-03 2.0112e-04 1.7951e-03
1.9525e-05 1.5354e+07 2.9371e-02 3.1040e-02 1.5269e-07 1.9813e-03 1.1141e-04 2.1774e-03
1.9565e-05 1.5323e+07 1.0419e+00 3.7642e-02 2.7116e-07 1.5613e-03 2.0602e-05 1.6076e-03
1.9606e-05 1.5291e+07 2.4587e+00 1.3651e-01 1.1173e-06 8.2439e-04 1.9001e-05 6.1494e-04
1.9646e-05 1.5259e+07 1.4592e+00 1.3168e-01 9.2388e-07 9.4060e-05 4.0284e-05 1.1164e-04
1.9687e-05 1.5228e+07 3.2937e-02 3.2355e-02 1.2289e-07 4.7954e-04 2.5911e-05 4.0583e-04
1.9727e-05 1.5197e+07 1.0438e+00 3.7707e-02 9.1238e-07 1.9931e-03 1.5446e-05 9.3335e-04
1.9768e-05 1.5166e+07 2.5047e+00 1.3982e-01 2.9292e-06 2.9236e-03 3.2345e-05 9.8228e-04
1.9808e-05 1.5135e+07 1.5075e+00 1.3634e-01 3.1709e-06 2.5025e-03 4.0706e-05 5.0682e-04
1.9848e-05 1.5104e+07 3.6942e-02 3.3849e-02 1.0962e-06 2.3000e-03 4.6243e-05 6.3095e-05
1.9889e-05 1.5073e+07 1.0459e+00 3.7677e-02 1.6870e-07 3.3392e-03 9.1627e-05 4.6126e-05
1.9929e-05 1.5043e+07 2.5522e+00 1.4246e-01 2.5480e-06 3.8974e-03 1.3897e-04 2.8709e-04
1.9970e-05 1.5012e+07 1.5576e+00 1.3991e-01 5.4427e-06 2.3511e-03 1.1072e-04 4.6243e-04
2.0010e-05 1.4982e+07 4.1412e-02 3.4639e-02 5.4609e-06 3.5836e-04 4.8724e-05 5.7827e-04
2.0051e-05 1.4952e+07 1.0479e+00 3.8411e-02 4.0500e-06 5.7530e-04 6.5111e-05 8.1880e-04
2.0091e-05 1.4922e+07 2.6013e+00 1.4750e-01 4.8581e-06 2.4895e-03 1.3593e-04 1.1258e-03
2.0131e-05 1.4892e+07 1.6099e+00 1.4612e-01 7.1406e-06 3.2584e-03 1.2869e-04 1.2094e-03
2.0172e-05 1.4862e+07 4.6378e-02 3.6438e-02 6.5025e-06 1.9610e-03 4.5257e-05 9.1012e-04
2.0212e-05 1.4832e+07 1.0501e+00 3.7998e-02 2.4434e-06 4.3961e-04 3.7953e-05 3.8911e-04
2.0253e-05 1.4803e+07 2.6520e+00 1.5040e-01 1.2312e-07 2.0659e-04 1.4968e-04 3.1807e-05
2.0293e-05 1.4773e+07 1.6642e+00 1.5074e-01 2.5100e-06 7.7684e-04 2.3343e-04 2.0747e-04
2.0334e-05 1.4744e+07 5.1871e-02 3.7927e-02 5.4450e-06 1.1017e-03 1.8569e-04 9.1738e-04
2.0374e-05 1.4714e+07 1.0524e+00 3.8269e-02 4.1860e-06 8.9121e-04 8.2340e-05 1.6267e-03
2.0414e-05 1.4685e+07 2.7046e+00 1.5415e-01 8.7684e-07 4.3914e-04 2.3121e-05 1.7362e-03
2.0455e-05 1.4656e+07 1.7208e+00 1.5557e-01 5.2092e-07 3.7366e-04 6.0548e-06 1.2934e-03
2.0495e-05 1.4627e+07 5.7927e-02 3.8825e-02 2.5914e-06 1.3535e-03 1.4734e-05 8.7745e-04
2.0536e-05 1.4599e+07 1.0547e+00 3.7879e-02 2.6952e-06 3.0349e-03 7.1624e-05 7.3214e-04
2.0576e-05 1.4570e+07 2.7590e+00 1.5805e-01 6.6795e-07 3.9434e-03 1.4332e-04 5.4818e-04
2.0617e-05 1.4541e+07 1.7798e+00 1.6142e-01 3.2739e-07 3.3090e-03 1.3975e-04 2.3862e-04
2.0657e-05 1.4513e+07 6.4583e-02 4.0925e-02 1.9672e-06 2.1351e-03 6.3111e-05 2.2479e-04
2.0697e-05 1.4485e+07 1.0571e+00 3.8161e-02 2.0470e-06 1.5141e-03 1.9288e-05 6.1301e-04
2.0738e-05 1.4456e+07 2.8153e+00 1.6178e-01 3.9570e-07 1.1447e-03 4.0344e-05 8.2038e-04
2.0778e-05 1.4428e+07 1.8414e+00 1.6646e-01 5.9843e-07 6.2800e-04 4.3751e-05 5.1275e-04
2.0819e-05 1.4400e+07 7.1881e-02 4.2311e-02 2.6123e-06 6.6517e-04 8.2563e-06 1.8945e-04
2.0859e-05 1.4372e+07 1.0596e+00 3.8843e-02 2.4604e-06 1.4923e-03 2.9877e-05 2.5584e-04
2.0899e-05 1.4344e+07 2.8737e+00 1.6721e-01 3.9815e-07 1.7668e-03 1.4388e-04 3.0867e-04
2.0940e-05 1.4317e+07 1.9056e+00 1.7332e-01 1.5212e-06 7.7538e-04 2.3996e-04 7.0418e-05
2.0980e-05 1.4289e+07 7.9862e-02 4.4339e-02 6.8256e-06 1.0673e-04 2.2392e-04 1.6243e-04
2.1021e-05 1.4262e+07 1.0621e+00 3.8907e-02 1.2398e-05 1.1292e-03 1.4101e-04 9.7457e-04
2.1061e-05 1.4234e+07 2.9343e+00 1.7160e-01 1.9200e-05 2.4680e-03 8.4575e-05 1.6164e-03
2.1102e-05 1.4207e+07 1.9727e+00 1.7921e-01 3.2746e-05 2.2775e-03 9.1677e-05 1.2139e-03
2.1142e-05 1.4180e+07 8.8577e-02 4.5450e-02 4.8975e-05 1.3942e-03 1.5876e-04 4.8627e-04
2.1182e-05 1.4153e+07 1.0648e+00 3.8491e-02 5.2470e-05 1.6079e-03 2.4684e-04 5.9678e-04
2.1223e-05 1.4126e+07 2.9972e+00 1.7661e-01 3.6548e-05 2.2792e-03 2.6094e-04 1.1125e-03
2.1263e-05 1.4099e+07 2.0428e+00 1.8668e-01 1.4871e-05 1.6480e-03 1.4955e-04 8.3602e-04
2.1304e-05 1.4072e+07 9.8076e-02 4.8171e-02 3.9207e-06 3.5546e-04 2.0456e-05 1.8891e-04
2.1344e-05 1.4046e+07 1.0676e+00 3.8895e-02 3.3199e-06 5.0315e-04 1.7349e-05 7.1565e-04
2.1385e-05 1.4019e+07 3.0626e+00 1.8150e-01 3.8691e-06 1.9339e-03 9.9814e-05 2.2564e-03
2.1425e-05 1.3993e+07 2.1160e+00 1.9336e-01 5.6112e-06 2.5322e-03 1.1110e-04 2.7795e-03
2.1465e-05 1.3966e+07 1.0842e-01 4.9998e-02 1.3953e-05 1.7543e-03 4.0921e-05 1.4983e-03
2.1506e-05 1.3940e+07 1.0705e+00 3.9405e-02 2.4054e-05 9.4136e-04 2.2141e-05 1.4159e-04
2.1546e-05 1.3914e+07 3.1305e+00 1.8817e-01 2.4486e-05 5.8065e-04 7.5915e-05 2.7633e-04
2.1587e-05 1.3888e+07 2.1927e+00 2.0256e-01 1.4713e-05 1.9034e-04 8.3351e-05 1.1323e-03
2.1627e-05 1.3862e+07 1.1966e-01 5.3193e-02 5.7533e-06 4.5945e-04 2.5505e-05 1.1955e-03
2.1668e-05 1.3836e+07 1.0735e+00 3.9156e-02 3.7425e-06 2.3652e-03 1.9448e-05 5.0709e-04
2.1708e-05 1.3810e+07 3.2012e+00 1.9276e-01 4.4320e-06 4.4232e-03 8.0844e-05 1.0023e-04
2.1748e-05 1.3785e+07 2.2731e+00 2.0987e-01 4.0626e-06 4.0733e-03 8.6195e-05 2.1774e-04
2.1789e-05 1.3759e+07 1.3187e-01 5.5620e-02 4.4807e-06 1.8156e-03 2.0842e-05 3.4578e-04
2.1829e-05 1.3734e+07 1.0766e+00 3.9373e-02 6.1265e-06 7.1250e-04 2.3842e-05 3.1927e-04
2.1870e-05 1.3708e+07 3.2748e+00 1.9846e-01 5.7718e-06 1.5897e-03 1.1999e-04 3.4268e-04
2.1910e-05 1.3683e+07 2.3572e+00 2.1802e-01 3.1781e-06 2.1157e-03 1.5181e-04 3.8988e-04
2.1951e-05 1.3658e+07 1.4512e-01 5.8236e-02 2.0970e-06 1.2005e-03 6.3943e-05 3.4002e-04
2.1991e-05 1.3633e+07 1.0798e+00 3.9644e-02 3.5533e-06 8.4041e-04 1.1736e-05 2.8773e-04
2.2031e-05 1.3608e+07 3.3515e+00 2.0460e-01 5.1120e-06 2.3940e-03 8.1161e-05 2.7232e-04
2.2072e-05 1.3583e+07 2.4455e+00 2.2668e-01 6.6422e-06 4.0892e-03 1.3836e-04 2.4654e-04
2.2112e-05 1.3558e+07 1.5950e-01 6.0956e-02 9.5604e-06 3.8522e-03 8.1546e-05 5.3620e-04
2.2153e-05 1.3533e+07 1.0832e+00 4.0006e-02 1.1150e-05 2.2155e-03 1.5737e-05 1.5154e-03
2.2193e-05 1.3508e+07 3.4315e+00 2.1149e-01 7.5366e-06 8.5379e-04 3.9120e-05 2.6227e-03
2.2234e-05 1.3484e+07 2.5383e+00 2.3639e-01 1.6700e-06 2.0654e-04 6.9388e-05 2.7300e-03
2.2274e-05 1.3459e+07 1.7508e-01 6.4018e-02 2.2958e-07 3.9455e-06 3.0641e-05 1.7706e-03
2.2314e-05 1.3435e+07 1.0866e+00 3.9801e-02 3.0853e-06 4.7750e-04 1.2970e-05 8.7438e-04
2.2355e-05 1.3411e+07 3.5150e+00 2.1756e-01 4.0601e-06 1.6390e-03 8.9688e-05 6.1240e-04
2.2395e-05 1.3386e+07 2.6357e+00 2.4554e-01 1.8230e-06 2.5646e-03 1.5718e-04 4.2929e-04
2.2436e-05 1.3362e+07 1.9197e-01 6.6958e-02 1.4543e-06 2.4770e-03 1.1276e-04 1.6249e-04
2.2476e-05 1.3338e+07 1.0903e+00 4.0209e-02 4.7332e-06 1.6610e-03 2.8956e-05 5.4418e-04
2.2516e-05 1.3314e+07 3.6023e+00 2.2492e-01 7.0561e-06 7.6264e-04 7.5912e-06 1.5619e-03
2.2557e-05 1.3290e+07 2.7381e+00 2.5571e-01 5.2903e-06 1.2788e-04 1.7853e-05 1.9506e-03
2.2597e-05 1.3267e+07 2.1027e-01 7.0055e-02 1.9217e-06 6.1546e-05 1.1247e-05 1.1992e-03
2.2638e-05 1.3243e+07 1.0941e+00 4.0961e-02 4.0579e-07 6.5957e-04 3.5093e-05 5.0768e-04
2.2678e-05 1.3219e+07 3.6936e+00 2.3415e-01 1.8191e-06 1.2798e-03 1.0290e-04 7.5918e-04
2.2719e-05 1.3196e+07 2.8460e+00 2.6854e-01 5.9175e-06 1.2175e-03 1.1683e-04 1.1002e-03
2.2759e-05 1.3172e+07 2.3009e-01 7.4407e-02 1.0720e-05 7.7630e-04 4.4935e-05 6.6854e-04
2.2799e-05 1.3149e+07 1.0980e+00 4.0625e-02 1.2404e-05 6.7508e-04 6.9647e-06 1.6652e-04
2.2840e-05 1.3126e+07 3.7891e+00 2.4118e-01 9.7414e-06 9.1035e-04 6.3505e-05 4.0499e-04
2.2880e-05 1.3103e+07 2.9596e+00 2.7973e-01 5.8207e-06 1.3334e-03 1.0112e-04 7.7577e-04
2.2921e-05 1.3080e+07 2.5156e-01 7.8310e-02 2.8171e-06 2.4204e-03 4.9428e-05 5.8683e-04
2.2961e-05 1.3057e+07 1.1022e+00 4.0818e-02 2.0161e-06 3.9832e-03 1.4758e-05 4.6750e-04
2.3002e-05 1.3034e+07 3.8892e+00 2.4886e-01 1.2018e-05 4.3345e-03 6.4208e-05 9.5386e-04
2.3042e-05 1.3011e+07 3.0795e+00 2.9062e-01 4.3147e-05 2.7003e-03 8.8108e-05 1.1579e-03
2.3082e-05 1.2988e+07 2.7482e-01 8.1324e-02 8.3687e-05 1.1523e-03 2.8314e-05 4.8293e-04
2.3123e-05 1.2965e+07 1.1065e+00 4.1910e-02 9.7706e-05 1.7044e-03 1.9491e-05 1.3535e-04
2.3163e-05 1.2943e+07 3.9942e+00 2.6084e-01 6.6133e-05 2.8382e-03 1.2684e-04 1.0511e-03
2.3204e-05 1.2920e+07 3.2061e+00 3.0703e-01 1.9056e-05 1.9705e-03 1.7731e-04 1.8453e-03
2.3244e-05 1.2898e+07 3.0003e-01 8.6898e-02 3.0463e-06 2.3729e-04 6.8901e-05 1.0527e-03
2.3285e-05 1.2875e+07 1.1110e+00 4.1225e-02 2.2137e-05 1.1054e-03 1.9497e-05 1.9911e-05
2.3325e-05 1.2853e+07 4.1045e+00 2.6928e-01 3.7935e-05 4.6706e-03 2.3917e-04 9.3643e-04
2.3365e-05 1.2831e+07 3.3400e+00 3.2117e-01 2.7143e-05 7.2462e-03 5.4286e-04 2.9874e-03
2.3406e-05 1.2808e+07 3.2735e-01 9.2184e-02 8.7131e-06 6.8408e-03 5.8751e-04 3.3588e-03
2.3446e-05 1.2786e+07 1.1157e+00 4.1361e-02 6.3631e-06 5.2716e-03 3.6238e-04 1.6363e-03
2.3487e-05 1.2764e+07 4.2205e+00 2.7874e-01 1.3608e-05 4.2200e-03 1.4912e-04 3.3892e-04
2.3527e-05 1.2742e+07 3.4816e+00 3.3587e-01 1.2951e-05 2.9280e-03 9.2231e-05 9.8457e-04
2.3568e-05 1.2721e+07 3.5698e-01 9.7420e-02 6.9942e-06 1.0016e-03 1.0157e-04 2.2340e-03
2.3608e-05 1.2699e+07 1.1206e+00 4.1620e-02 8.5310e-06 7.7355e-05 1.1878e-04 2.4076e-03
2.3648e-05 1.2677e+07 4.3426e+00 2.8912e-01 1.4509e-05 1.0119e-03 1.8698e-04 1.6280e-03
2.3689e-05 1.2655e+07 3.6317e+00 3.5160e-01 1.2738e-05 2.1293e-03 2.6449e-04 8.2952e-04
2.3729e-05 1.2634e+07 3.8913e-01 1.0295e-01 6.4597e-06 1.9173e-03 2.3129e-04 4.3572e-04
2.3770e-05 1.2612e+07 1.1258e+00 4.2002e-02 9.9112e-06 1.2387e-03 1.1004e-04 5.9524e-04
2.3810e-05 1.2591e+07 4.4712e+00 3.0044e-01 2.1651e-05 1.4081e-03 6.8282e-05 1.2551e-03
2.3850e-05 1.2570e+07 3.7910e+00 3.6854e-01 2.3785e-05 2.0420e-03 1.6213e-04 1.6421e-03
2.3891e-05 1.2548e+07 4.2402e-01 1.0886e-01 1.2661e-05 2.1677e-03 2.5167e-04 1.0231e-03
2.3931e-05 1.2527e+07 1.1313e+00 4.2267e-02 1.2075e-05 1.8150e-03 2.1321e-04 1.0850e-04
2.3972e-05 1.2506e+07 4.6070e+00 3.1196e-01 4.2896e-05 1.3876e-03 9.6137e-05 2.7416e-04
2.4012e-05 1.2485e+07 3.9602e+00 3.8547e-01 8.8872e-05 8.7365e-04 2.5265e-05 1.3511e-03
2.4053e-05 1.2464e+07 4.6192e-01 1.1411e-01 1.0865e-04 4.9447e-04 4.6402e-05 1.7559e-03
2.4093e-05 1.2443e+07 1.1370e+00 4.3232e-02 8.2823e-05 8.3632e-04 1.0336e-04 9.5051e-04
2.4133e-05 1.2422e+07 4.7505e+00 3.2759e-01 3.6259e-05 1.7655e-03 1.1291e-04 1.7239e-04
2.4174e-05 1.2401e+07 4.1402e+00 4.0800e-01 7.1651e-06 2.3636e-03 5.5854e-05 4.2416e-04
2.4214e-05 1.2381e+07 5.0313e-01 1.2223e-01 4.5906e-06 2.1970e-03 1.2325e-05 1.2212e-03
2.4255e-05 1.2360e+07 1.1430e+00 4.3116e-02 8.6181e-06 1.6416e-03 6.5639e-05 1.7196e-03
2.4295e-05 1.2340e+07 4.9023e+00 3.4087e-01 4.9696e-06 1.1364e-03 1.6482e-04 1.7859e-03
2.4336e-05 1.2319e+07 4.3320e+00 4.2920e-01 3.3808e-07 1.1010e-03 1.7476e-04 1.5614e-03
2.4376e-05 1.2299e+07 5.4797e-01 1.2999e-01 2.6112e-06 1.9055e-03 8.2677e-05 1.0780e-03
2.4416e-05 1.2278e+07 1.1493e+00 4.3347e-02 6.1129e-06 2.8756e-03 2.6247e-05 6.4600e-04
2.4457e-05 1.2258e+07 5.0633e+00 3.5542e-01 5.1710e-06 2.6461e-03 7.3810e-05 7.3033e-04
2.4497e-05 1.2238e+07 4.5367e+00 4.5178e-01 5.9482e-06 1.8294e-03 1.2777e-04 1.2601e-03
2.4538e-05 1.2218e+07 5.9681e-01 1.3815e-01 1.3330e-05 3.2507e-03 1.1491e-04 1.7415e-03
2.4578e-05 1.2198e+07 1.1559e+00 4.3912e-02 1.9520e-05 7.3770e-03 1.0636e-04 1.9203e-03
2.4619e-05 1.2177e+07 5.2341e+00 3.7180e-01 1.7566e-05 9.9453e-03 1.4928e-04 1.7164e-03
2.4659e-05 1.2158e+07 4.7554e+00 4.7685e-01 1.3867e-05 7.3550e-03 1.4959e-04 1.0001e-03
2.4699e-05 1.2138e+07 6.5006e-01 1.4739e-01 1.5363e-05 2.3157e-03 5.6184e-05 1.6042e-04
2.4740e-05 1.2118e+07 1.1630e+00 4.4409e-02 1.6861e-05 2.9573e-04 6.0580e-06 1.2761e-04
2.4780e-05 1.2098e+07 5.4157e+00 3.8876e-01 1.3432e-05 2.0721e-03 1.2500e-04 9.5304e-04
2.4821e-05 1.2078e+07 4.9895e+00 5.0280e-01 1.2061e-05 4.0264e-03 3.0716e-04 1.3481e-03
2.4861e-05 1.2059e+07 7.0820e-01 1.5635e-01 1.7656e-05 4.4180e-03 3.5930e-04 6.5103e-04
2.4902e-05 1.2039e+07 1.1704e+00 4.4743e-02 2.1396e-05 4.6618e-03 2.7123e-04 1.2791e-05
2.4942e-05 1.2020e+07 5.6092e+00 4.0820e-01 1.7006e-05 5.1357e-03 1.8616e-04 3.9574e-04
2.4982e-05 1.2000e+07 5.2406e+00 5.3289e-01 1.3583e-05 4.4401e-03 1.7477e-04 8.9075e-04
2.5023e-05 1.1981e+07 7.7175e-01 1.6762e-01 1.7562e-05 2.7269e-03 1.8457e-04 5.8382e-04
2.5063e-05 1.1961e+07 1.1782e+00 4.5040e-02 1.8953e-05 1.6979e-03 1.6677e-04 4.1151e-04
2.5104e-05 1.1942e+07 5.8156e+00 4.2777e-01 1.1655e-05 1.5639e-03 1.3211e-04 1.2151e-03
2.5144e-05 1.1923e+07 5.5104e+00 5.6397e-01 8.0734e-06 1.6318e-03 1.0560e-04 1.7293e-03
2.5185e-05 1.1904e+07 8.4132e-01 1.7929e-01 1.5326e-05 2.8389e-03 1.0187e-04 8.3742e-04
2.5225e-05 1.1885e+07 1.1865e+00 4.5467e-02 1.8831e-05 5.6558e-03 1.1904e-04 3.4656e-06
2.5265e-05 1.1866e+07 6.0362e+00 4.4896e-01 1.0401e-05 7.0819e-03 1.2534e-04 7.7201e-04
2.5306e-05 1.1847e+07 5.8007e+00 5.9734e-01 7.3517e-06 4.6143e-03 9.9165e-05 1.7774e-03
2.5346e-05 1.1828e+07 9.1760e-01 1.9169e-01 1.9041e-05 1.5552e-03 7.9994e-05 1.3737e-03
2.5387e-05 1.1809e+07 1.1953e+00 4.6078e-02 2.3927e-05 2.6521e-03 1.0554e-04 1.1547e-03
2.5427e-05 1.1790e+07 6.2725e+00 4.7238e-01 1.0660e-05 5.9486e-03 1.2997e-04 2.9991e-03
2.5467e-05 1.1772e+07 6.1140e+00 6.3395e-01 7.7117e-06 5.6980e-03 1.1042e-04 4.6685e-03
2.5508e-05 1.1753e+07 1.0014e+00 2.0534e-01 3.1500e-05 2.5668e-03 1.1499e-04 3.1841e-03
2.5548e-05 1.1734e+07 1.2047e+00 4.6787e-02 4.3776e-05 3.2518e-03 1.9481e-04 1.0386e-03
2.5589e-05 1.1716e+07 6.5262e+00 4.9779e-01 1.9117e-05 9.2369e-03 2.3094e-04 3.2866e-03
2.5629e-05 1.1697e+07 6.4526e+00 6.7346e-01 2.0148e-05 1.3561e-02 1.1731e-04 8.9326e-03
2.5670e-05 1.1679e+07 1.0935e+00 2.1998e-01 1.2444e-04 1.0968e-02 9.1989e-06 1.1329e-02
2.5710e-05 1.1661e+07 1.2147e+00 4.8915e-02 2.8770e-04 4.7582e-03 1.1501e-04 7.7952e-03
2.5750e-05 1.1642e+07 6.7991e+00 5.2970e-01 3.6646e-04 8.9194e-04 3.0875e-04 2.9323e-03
2.5791e-05 1.1624e+07 6.8194e+00 7.2217e-01 2.9114e-04 7.8620e-04 2.8602e-04 1.0082e-03
2.5831e-05 1.1606e+07 1.1951e+00 2.3835e-01 1.4306e-04 2.5189e-03 7.6689e-05 8.3179e-04
2.5872e-05 1.1588e+07 1.2253e+00 4.6353e-02 3.8450e-05 4.4469e-03 1.7742e-05 2.6139e-04
2.5912e-05 1.1570e+07 7.0934e+00 5.5368e-01 4.9177e-06 5.2393e-03 1.9011e-04 2.6764e-04
2.5953e-05 1.1552e+07 7.2179e+00 7.6521e-01 2.2377e-06 4.0775e-03 2.9485e-04 1.6424e-03
2.5993e-05 1.1534e+07 1.3074e+00 2.5531e-01 1.4722e-06 2.2898e-03 1.7766e-04 2.4504e-03
2.6033e-05 1.1516e+07 1.2367e+00 4.7750e-02 3.1411e-07 1.6777e-03 6.1689e-05 1.7982e-03
2.6074e-05 1.1498e+07 7.4115e+00 5.8564e-01 3.9570e-06 1.4805e-03 1.1415e-04 1.9364e-03
2.6114e-05 1.1480e+07 7.6518e+00 8.1384e-01 2.7270e-05 6.9876e-04 1.7643e-04 3.7794e-03
2.6155e-05 1.1462e+07 1.4317e+00 2.7168e-01 8.1706e-05 1.6777e-03 1.0835e-04 4.4862e-03
2.6195e-05 1.1445e+07 1.2488e+00 4.9754e-02 1.3666e-04 6.0569e-03 4.1162e-05 2.3871e-03
2.6236e-05 1.1427e+07 7.7563e+00 6.2900e-01 1.3512e-04 9.3983e-03 9.3903e-05 2.0365e-04
2.6276e-05 1.1409e+07 8.1255e+00 8.8048e-01 7.1808e-05 6.9361e-03 1.6128e-04 3.6202e-04
2.6316e-05 1.1392e+07 1.5696e+00 2.9859e-01 1.1760e-05 2.7612e-03 1.5590e-04 1.1586e-03
2.6357e-05 1.1374e+07 1.2619e+00 4.9868e-02 4.4538e-06 4.6698e-03 1.5208e-04 6.5378e-04
2.6397e-05 1.1357e+07 8.1310e+00 6.6585e-01 2.4082e-05 1.0954e-02 1.6303e-04 2.6735e-04
2.6438e-05 1.1340e+07 8.6443e+00 9.4253e-01 2.5034e-05 1.2207e-02 1.1684e-04 1.2992e-03
2.6478e-05 1.1322e+07 1.7232e+00 3.2282e-01 1.0512e-05 6.5271e-03 1.4053e-04 2.0393e-03
2.6519e-05 1.1305e+07 1.2759e+00 5.0606e-02 7.7933e-06 2.2813e-03 4.4399e-04 1.5939e-03
2.6559e-05 1.1288e+07 8.5396e+00 7.0963e-01 1.4871e-05 3.8361e-03 8.1871e-04 2.1617e-03
2.6599e-05 1.1271e+07 9.2141e+00 1.0138e+00 1.4072e-05 5.3558e-03 7.6373e-04 4.1620e-03
2.6640e-05 1.1254e+07 1.8945e+00 3.5096e-01 9.8692e-06 2.4861e-03 2.8477e-04 4.2221e-03
2.6680e-05 1.1237e+07 1.2910e+00 5.1474e-02 1.4885e-05 5.7092e-05 8.0711e-06 2.0410e-03
2.6721e-05 1.1220e+07 8.9865e+00 7.5696e-01 2.0941e-05 2.8850e-03 2.3799e-04 3.4496e-03
2.6761e-05 1.1203e+07 9.8421e+00 1.0909e+00 1.5987e-05 7.3794e-03 4.8729e-04 1.1080e-02
2.6801e-05 1.1186e+07 2.0864e+00 3.8091e-01 9.5071e-06 8.0322e-03 3.1366e-04 1.7536e-02
2.6842e-05 1.1169e+07 1.3074e+00 5.2754e-02 1.4672e-05 5.5904e-03 4.9396e-05 1.4853e-02
2.6882e-05 1.1152e+07 9.4770e+00 8.1061e-01 2.4566e-05 3.7405e-03 2.0379e-04 6.2781e-03
2.6923e-05 1.1135e+07 1.0537e+01 1.1763e+00 2.6969e-05 3.2634e-03 6.2245e-04 1.0322e-03
2.6963e-05 1.1119e+07 2.3020e+00 4.1264e-01 2.3391e-05 3.5428e-03 8.0795e-04 1.0967e-03
2.7004e-05 1.1102e+07 1.3251e+00 5.5667e-02 1.8557e-05 4.8677e-03 7.1530e-04 1.4495e-03
2.7044e-05 1.1085e+07 1.0017e+01 8.7994e-01 1.1745e-05 6.2201e-03 6.5380e-04 4.5478e-04
2.7084e-05 1.1069e+07 1.1308e+01 1.2871e+00 7.5112e-06 5.3991e-03 6.5317e-04 9.9160e-04
2.7125e-05 1.1052e+07 2.5450e+00 4.5864e-01 1.2143e-05 3.0339e-03 4.8842e-04 2.8357e-03
2.7165e-05 1.1036e+07 1.3443e+00 5.4487e-02 1.7189e-05 1.8804e-03 2.0517e-04 2.9317e-03
2.7206e-05 1.1019e+07 1.0615e+01 9.3916e-01 1.2390e-05 2.0175e-03 1.3771e-04 2.6722e-03
2.7246e-05 1.1003e+07 1.2168e+01 1.3911e+00 8.4425e-06 1.8444e-03 4.2141e-04 6.1101e-03
2.7287e-05 1.0987e+07 2.8201e+00 5.0086e-01 1.5311e-05 2.3763e-03 8.0071e-04 1.0941e-02
2.7327e-05 1.0971e+07 1.3653e+00 5.5919e-02 1.5955e-05 4.4904e-03 9.1895e-04 1.0246e-02
2.7367e-05 1.0954e+07 1.1279e+01 1.0112e+00 6.2952e-06 4.9170e-03 6.5971e-04 4.0564e-03
2.7408e-05 1.0938e+07 1.3130e+01 1.5070e+00 3.3582e-05 2.2609e-03 2.7231e-04 1.5207e-04
2.7448e-05 1.0922e+07 3.1328e+00 5.4247e-01 1.2759e-04 2.1638e-03 1.6457e-04 1.6473e-03
2.7489e-05 1.0906e+07 1.3883e+00 5.9757e-02 2.1800e-04 7.2626e-03 4.0615e-04 2.9213e-03
2.7529e-05 1.0890e+07 1.2019e+01 1.1129e+00 2.0707e-04 9.0890e-03 5.7068e-04 7.9018e-04
2.7570e-05 1.0874e+07 1.4213e+01 1.6695e+00 1.1218e-04 2.7818e-03 3.9555e-04 6.4778e-04
2.7610e-05 1.0858e+07 3.4900e+00 6.1100e-01 4.1748e-05 1.3067e-03 3.4215e-04 6.7676e-03
2.7650e-05 1.0842e+07 1.4136e+00 5.9642e-02 3.7521e-05 1.6714e-02 8.9964e-04 1.4129e-02
2.7691e-05 1.0826e+07 1.2850e+01 1.2029e+00 4.4952e-05 3.4585e-02 1.5682e-03 1.5482e-02
2.7731e-05 1.0811e+07 1.5438e+01 1.8275e+00 3.4589e-05 3.0758e-02 1.4100e-03 1.0847e-02
2.7772e-05 1.0795e+07 3.9001e+00 6.7675e-01 3.3498e-05 9.8667e-03 5.3491e-04 5.1540e-03
2.7812e-05 1.0779e+07 1.4415e+00 6.1138e-02 3.5355e-05 2.4231e-04 7.2164e-06 1.5042e-03
2.7853e-05 1.0764e+07 1.3787e+01 1.3096e+00 1.2764e-05 9.9028e-03 2.0041e-04 9.8011e-04
2.7893e-05 1.0748e+07 1.6832e+01 2.0061e+00 2.3286e-05 1.6840e-02 3.9812e-04 3.9784e-03
2.7933e-05 1.0732e+07 4.3736e+00 7.4668e-01 1.4579e-04 8.5210e-03 2.5862e-04 7.5913e-03
2.7974e-05 1.0717e+07 1.4725e+00 6.4348e-02 2.9472e-04 9.0390e-04 3.8484e-04 6.7816e-03
2.8014e-05 1.0701e+07 1.4849e+01 1.4462e+00 2.8507e-04 7.1942e-03 9.6216e-04 2.0513e-03
2.8055e-05 1.0686e+07 1.8426e+01 2.2316e+00 1.2969e-04 1.5901e-02 1.1470e-03 3.3499e-04
2.8095e-05 1.0671e+07 4.9235e+00 8.3976e-01 6.3881e-05 1.4674e-02 5.3485e-04 4.2833e-03
2.8135e-05 1.0655e+07 1.5070e+00 6.6880e-02 1.8679e-04 1.0967e-02 1.0045e-05 7.2885e-03
2.8176e-05 1.0640e+07 1.6063e+01 1.5960e+00 2.9646e-04 1.3304e-02 2.7238e-04 4.4299e-03
2.8216e-05 1.0625e+07 2.0264e+01 2.4876e+00 2.1726e-04 1.4772e-02 6.7047e-04 1.2910e-03
2.8257e-05 1.0610e+07 5.5668e+00 9.4763e-01 7.8450e-05 1.0459e-02 4.6117e-04 4.5631e-03
2.8297e-05 1.0594e+07 1.5457e+00 6.8591e-02 7.9652e-05 9.3283e-03 1.2778e-04 1.0067e-02
2.8338e-05 1.0579e+07 1.7459e+01 1.7643e+00 1.6484e-04 1.4267e-02 3.6724e-04 9.2134e-03
2.8378e-05 1.0564e+07 2.2397e+01 2.7784e+00 1.5899e-04 1.3062e-02 7.6754e-04 3.1615e-03
2.8418e-05 1.0549e+07 6.3248e+00 1.0692e+00 8.7342e-05 3.2241e-03 6.3694e-04 7.7655e-04
2.8459e-05 1.0534e+07 1.5893e+00 7.1769e-02 1.0528e-04 1.0696e-03 2.7000e-04 4.5783e-03
2.8499e-05 1.0519e+07 1.9078e+01 1.9670e+00 1.9857e-04 1.1535e-02 2.7396e-04 8.1192e-03
2.8540e-05 1.0504e+07 2.4895e+01 3.1259e+00 2.0971e-04 1.6180e-02 4.5681e-04 7.0069e-03
2.8580e-05 1.0490e+07 7.2257e+00 1.2155e+00 1.3023e-04 7.3766e-03 4.2703e-04 4.0900e-03
2.8621e-05 1.0475e+07 1.6390e+00 7.5269e-02 1.3591e-04 4.3551e-03 4.4374e-04 2.8443e-03
2.8661e-05 1.0460e+07 2.0972e+01 2.2038e+00 3.1871e-04 1.6240e-02 6.8493e-04 2.7491e-03
2.8701e-05 1.0445e+07 2.7847e+01 3.5317e+00 5.5857e-04 2.1936e-02 6.3419e-04 2.6385e-03
2.8742e-05 1.0431e+07 8.3064e+00 1.3822e+00 6.7902e-04 1.0043e-02 1.7461e-04 2.9710e-03
2.8782e-05 1.0416e+07 1.6959e+00 8.1517e-02 6.0610e-04 4.0872e-03 1.6553e-04 3.5730e-03
2.8823e-05 1.0401e+07 2.3211e+01 2.5074e+00 3.8510e-04 1.9629e-02 8.7796e-04 3.5360e-03
2.8863e-05 1.0387e+07 3.1371e+01 4.0503e+00 1.4561e-04 3.1900e-02 1.1674e-03 3.6027e-03
2.8904e-05 1.0372e+07 9.6168e+00 1.6042e+00 2.2183e-05 2.0311e-02 4.4302e-04 4.8150e-03
2.8944e-05 1.0358e+07 1.7618e+00 8.4135e-02 2.8466e-05 9.4576e-03 3.4344e-05 5.6630e-03
2.8984e-05 1.0343e+07 2.5887e+01 2.8501e+00 5.9178e-05 2.4667e-02 1.1101e-03 4.4647e-03
2.9025e-05 1.0329e+07 3.5630e+01 4.6552e+00 5.7586e-05 4.1018e-02 2.6447e-03 2.9344e-03
2.9065e-05 1.0314e+07 1.1225e+01 1.8635e+00 6.7580e-05 2.6286e-02 3.0871e-03 3.7721e-03
2.9106e-05 1.0300e+07 1.8387e+00 9.0848e-02 8.7810e-05 6.0007e-03 2.6493e-03 7.7427e-03
2.9146e-05 1.0286e+07 2.9127e+01 3.2811e+00 6.2619e-05 2.8458e-02 2.2399e-03 1.6377e-02
2.9187e-05 1.0272e+07 4.0845e+01 5.4084e+00 7.0907e-05 8.2314e-02 1.6723e-03 3.1064e-02
2.9227e-05 1.0257e+07 1.3226e+01 2.1856e+00 2.6572e-04 1.0682e-01 8.2203e-04 4.3864e-02
2.9267e-05 1.0243e+07 1.9298e+00 9.9647e-02 5.3509e-04 7.7857e-02 8.6817e-04 3.9134e-02
2.9308e-05 1.0229e+07 3.3109e+01 3.8293e+00 5.5048e-04 3.3303e-02 2.1942e-03 1.6051e-02
2.9348e-05 1.0215e+07 4.7331e+01 6.3736e+00 3.0032e-04 1.5831e-02 2.8210e-03 2.0692e-04
2.9389e-05 1.0201e+07 1.5755e+01 2.6082e+00 1.8050e-04 3.4363e-02 1.4373e-03 1.4928e-02
2.9429e-05 1.0187e+07 2.0391e+00 1.0701e-01 3.3401e-04 7.7271e-02 1.6462e-04 4.6089e-02
2.9470e-05 1.0173e+07 3.8088e+01 4.5002e+00 3.7575e-04 1.2104e-01 1.3727e-03 5.6530e-02
2.9510e-05 1.0159e+07 5.5543e+01 7.5741e+00 1.1670e-04 1.3037e-01 3.4884e-03 3.5079e-02
2.9550e-05 1.0145e+07 1.9013e+01 3.1308e+00 2.6545e-05 9.0101e-02 3.3511e-03 8.6731e-03
2.9591e-05 1.0131e+07 2.1724e+00 1.1956e-01 4.5264e-04 3.3583e-02 1.2688e-03 1.8730e-03
2.9631e-05 1.0117e+07 4.4440e+01 5.3991e+00 8.9407e-04 5.7882e-03 9.3748e-05 8.2059e-03
2.9672e-05 1.0104e+07 6.6164e+01 9.1847e+00 7.4141e-04 8.7417e-03 4.7478e-04 1.1069e-02
2.9712e-05 1.0090e+07 2.3302e+01 3.8505e+00 2.9301e-04 1.5395e-02 7.9570e-04 1.0070e-02
2.9752e-05 1.0076e+07 2.3385e+00 1.3169e-01 2.2552e-04 1.8047e-02 8.0424e-04 1.1765e-02
2.9793e-05 1.0063e+07 5.2739e+01 6.5479e+00 4.3945e-04 2.4764e-02 1.4427e-03 1.3028e-02
2.9833e-05 1.0049e+07 8.0249e+01 1.1280e+01 3.7104e-04 2.8810e-02 1.9827e-03 1.0002e-02
2.9874e-05 1.0035e+07 2.9098e+01 4.7813e+00 1.4117e-04 2.2559e-02 1.1910e-03 8.5358e-03
2.9914e-05 1.0022e+07 2.5503e+00 1.5124e-01 3.1150e-04 2.0939e-02 3.6352e-04 1.1459e-02
2.9955e-05 1.0008e+07 6.3901e+01 8.1676e+00 6.9047e-04 3.3907e-02 1.3120e-03 1.1061e-02
2.9995e-05 9.9947e+06 9.9509e+01 1.4242e+01 5.7657e-04 4.3119e-02 2.6372e-03 7.0020e-03
3.0035e-05 9.9813e+06 3.7188e+01 6.1281e+00 1.2246e-04 3.9748e-02 2.1360e-03 1.2283e-02
3.0076e-05 9.9679e+06 2.8287e+00 1.7587e-01 1.6823e-04 4.4751e-02 1.1741e-03 2.7057e-02
3.0116e-05 9.9545e+06 7.9460e+01 1.0419e+01 6.7385e-04 5.6866e-02 2.0142e-03 3.0164e-02
3.0157e-05 9.9411e+06 1.2686e+02 1.8440e+01 7.2369e-04 3.9768e-02 2.9880e-03 1.4842e-02
3.0197e-05 9.9278e+06 4.8942e+01 8.0604e+00 2.5795e-04 3.5733e-03 1.7394e-03 5.1696e-03
3.0238e-05 9.9146e+06 3.2090e+00 2.1336e-01 2.4668e-04 1.9383e-02 6.1999e-04 1.4064e-02
3.0278e-05 9.9013e+06 1.0215e+02 1.3772e+01 8.1054e-04 9.5208e-02 2.4432e-03 1.8390e-02
3.0318e-05 9.8881e+06 1.6763e+02 2.4780e+01 8.9087e-04 1.3867e-01 4.0664e-03 7.6299e-03
3.0359e-05 9.8750e+06 6.6920e+01 1.1030e+01 3.3580e-04 1.2085e-01 2.0507e-03 1.8384e-02
3.0399e-05 9.8618e+06 3.7552e+00 2.6730e-01 3.9890e-04 1.4800e-01 9.0857e-04 7.3586e-02
3.0440e-05 9.8487e+06 1.3725e+02 1.9030e+01 1.3180e-03 2.5540e-01 5.6785e-03 1.2504e-01
3.0480e-05 9.8357e+06 2.3239e+02 3.4932e+01 1.5328e-03 2.8636e-01 1.0410e-02 1.1701e-01
3.0521e-05 9.8226e+06 9.6368e+01 1.5896e+01 6.1253e-04 1.5009e-01 7.0695e-03 7.3840e-02
3.0561e-05 9.8097e+06 4.5949e+00 3.5588e-01 6.6790e-04 3.6006e-02 1.9422e-03 5.4673e-02
3.0601e-05 9.7967e+06 1.9609e+02 2.7978e+01 2.8862e-03 1.3003e-01 6.1342e-03 5.6808e-02
3.0642e-05 9.7838e+06 3.4467e+02 5.2676e+01 4.8493e-03 2.7663e-01 1.2926e-02 4.8859e-02
3.0682e-05 9.7709e+06 1.4946e+02 2.4633e+01 3.9082e-03 2.3788e-01 7.8067e-03 5.7147e-02
3.0723e-05 9.7580e+06 6.0195e+00 5.2496e-01 1.3746e-03 1.4502e-01 1.3719e-03 1.0528e-01
3.0763e-05 9.7452e+06 3.0685e+02 4.5238e+01 3.3110e-04 2.8262e-01 2.0862e-02 1.1594e-01
3.0804e-05 9.7324e+06 5.6615e+02 8.8268e+01 9.0480e-04 5.1800e-01 5.8703e-02 3.5610e-02
3.0844e-05 9.7197e+06 2.6000e+02 4.3047e+01 1.2003e-03 4.5057e-01 6.6528e-02 1.5006e-02
3.0884e-05 9.7069e+06 8.8369e+00 8.5515e-01 1.3987e-03 1.2364e-01 2.7577e-02 2.2544e-01
3.0925e-05 9.6942e+06 5.5730e+02 8.4654e+01 2.7308e-03 1.9654e-02 1.5858e-03 4.9793e-01
3.0965e-05 9.6816e+06 1.1050e+03 1.7541e+02 3.7509e-03 2.7378e-01 5.2013e-02 4.8929e-01
3.1006e-05 9.6690e+06 5.5333e+02 9.1808e+01 2.8486e-03 5.2469e-01 1.4568e-01 3.1119e-01
3.1046e-05 9.6564e+06 1.6156e+01 1.7973e+00 3.2371e-03 6.6201e-01 1.7980e-01 5.3064e-01
3.1086e-05 9.6438e+06 1.3506e+03 2.1176e+02 8.3184e-03 9.1720e-01 1.1709e-01 1.2054e+00
3.1127e-05 9.6313e+06 3.0784e+03 4.9789e+02 1.2733e-02 1.0154e+00 5.2551e-02 1.4444e+00
3.1167e-05 9.6188e+06 1.8477e+03 3.0727e+02 9.5912e-03 4.9161e-01 1.3181e-01 7.2625e-01
3.1208e-05 9.6063e+06 5.2087e+01 6.8713e+00 1.1713e-02 6.6923e-01 4.3145e-01 4.4417e-01
3.1248e-05 9.5939e+06 7.4134e+03 1.2009e+03 5.2178e-02 4.8362e+00 9.1541e-01 2.9573e+00
3.1289e-05 9.5815e+06 2.9304e+04 4.8289e+03 1.4698e-01 1.4312e+01 1.4481e+00 8.4957e+00
3.1329e-05 9.5692e+06 5.5099e+04 9.1690e+03 2.5960e-01 2.4670e+01 1.8212e+00 1.3799e+01
3.1369e-05 9.5568e+06 6.4957e+04 1.0886e+04 3.2023e-01 2.8354e+01 1.8343e+00 1.4876e+01
3.1410e-05 9.5445e+06 5.0431e+04 8.4959e+03 2.8908e-01 2.2239e+01 1.4411e+00 1.1059e+01
3.1450e-05 9.5323e+06 2.3896e+04 4.0373e+03 1.9354e-01 1.1232e+01 8.2782e-01 5.5870e+00
3.1491e-05 9.5200e+06 4.7464e+03 7.9941e+02 9.7637e-02 3.2010e+00 2.9675e-01 2.1964e+00
3.1531e-05 9.5078e+06 2.6479e+01 5.3015e+00 4.2588e-02 1.3785e+00 3.9828e-02 1.8256e+00
3.1572e-05 9.4956e+06 2.2636e+03 3.9245e+02 2.4050e-02 2.9459e+00 2.8564e-02 2.7908e+00
3.1612e-05 9.4835e+06 2.7946e+03 4.8017e+02 1.8130e-02 3.9001e+00 1.0657e-01 3.2374e+00
3.1652e-05 9.4714e+06 9.1408e+02 1.5397e+02 1.2729e-02 3.1436e+00 1.4798e-01 2.6797e+00
3.1693e-05 9.4593e+06 4.7365e+00 1.3026e+00 1.0294e-02 1.8315e+00 1.2359e-01 1.6242e+00
3.1733e-05 9.4473e+06 6.8851e+02 1.2388e+02 1.2716e-02 8.8004e-01 6.6396e-02 6.6364e-01
3.1774e-05 9.4352e+06 1.0073e+03 1.7683e+02 1.4926e-02 3.3073e-01 1.8125e-02 1.3494e-01
3.1814e-05 9.4232e+06 3.7799e+02 6.3968e+01 1.1959e-02 1.3258e-01 2.2484e-04 9.9605e-02
3.1855e-05 9.4113e+06 1.3922e+00 5.7106e-01 5.3686e-03 3.0173e-01 5.8922e-03 3.1348e-01
3.1895e-05 9.3994e+06 3.2162e+02 6.0130e+01 6.3082e-04 5.4690e-01 1.2364e-02 4.0708e-01
3.1935e-05 9.3875e+06 5.1064e+02 9.1712e+01 8.1145e-04 5.0181e-01 7.4780e-03 2.6549e-01
3.1976e-05 9.3756e+06 2.0639e+02 3.5151e+01 4.0906e-03 2.4391e-01 7.4443e-04 1.0116e-01
3.2016e-05 9.3638e+06 4.7846e-01 3.0108e-01 6.3774e-03 1.1370e-01 4.1049e-03 9.3767e-02
3.2057e-05 9.3520e+06 1.8261e+02 3.5509e+01 5.4133e-03 1.5971e-01 1.2449e-02 1.5185e-01
3.2097e-05 9.3402e+06 3.0607e+02 5.6348e+01 2.4613e-03 1.6461e-01 1.3130e-02 1.2247e-01
3.2138e-05 9.3284e+06 1.3030e+02 2.2449e+01 3.1471e-04 8.0047e-02 5.8575e-03 3.9842e-02
3.2178e-05 9.3167e+06 1.7621e-01 1.8776e-01 1.0865e-04 4.6052e-02 6.3016e-04 1.8788e-02
3.2218e-05 9.3050e+06 1.1595e+02 2.3331e+01 6.6263e-04 7.4546e-02 1.1729e-03 4.6825e-02
3.2259e-05 9.2934e+06 2.0271e+02 3.8065e+01 6.6846e-04 6.5762e-02 2.4188e-03 4.3466e-02
3.2299e-05 9.2817e+06 8.9943e+01 1.5546e+01 3.1343e-04 7.0545e-02 1.6606e-03 2.7657e-02
3.2340e-05 9.2701e+06 7.7899e-02 1.2813e-01 3.4422e-04 2.0980e-01 1.4254e-03 6.7382e-02
3.2380e-05 9.2585e+06 7.9151e+01 1.6581e+01 6.4856e-04 3.7952e-01 2.3784e-03 1.2591e-01
3.2420e-05 9.2470e+06 1.4345e+02 2.7572e+01 6.3677e-04 3.4945e-01 2.5090e-03 1.0960e-01
3.2461e-05 9.2355e+06 6.5957e+01 1.1479e+01 3.4730e-04 1.4077e-01 2.8532e-03 3.4555e-02
3.2501e-05 9.2240e+06 5.8388e-02 9.3241e-02 2.6809e-04 1.1574e-02 6.0728e-03 5.2865e-03
3.2542e-05 9.2125e+06 5.6839e+01 1.2400e+01 4.2940e-04 5.5936e-02 9.7829e-03 4.0553e-02
3.2582e-05 9.2011e+06 1.0641e+02 2.0939e+01 4.5671e-04 9.9829e-02 8.7672e-03 5.3497e-02
3.2623e-05 9.1897e+06 5.0525e+01 8.8527e+00 3.0443e-04 3.8548e-02 3.7227e-03 1.4547e-02
3.2663e-05 9.1783e+06 7.1506e-02 7.2085e-02 2.6186e-04 5.8782e-03 7.2018e-04 8.6346e-03
3.2703e-05 9.1670e+06 4.2369e+01 9.6428e+00 3.6112e-04 1.1384e-01 1.7351e-03 9.1220e-02
3.2744e-05 9.1557e+06 8.1765e+01 1.6489e+01 3.6140e-04 2.5287e-01 2.5889e-03 1.8886e-01
3.2784e-05 9.1444e+06 4.0000e+01 7.0633e+00 2.4579e-04 2.7628e-01 1.0420e-03 2.0107e-01
3.2825e-05 9.1331e+06 9.8135e-02 5.8017e-02 2.3068e-04 2.1098e-01 1.3348e-04 1.3144e-01
3.2865e-05 9.1219e+06 3.2498e+01 7.7240e+00 3.2677e-04 1.5959e-01 1.7308e-03 5.9332e-02
3.2906e-05 9.1107e+06 6.4566e+01 1.3351e+01 3.3071e-04 1.2811e-01 2.9397e-03 2.9164e-02
3.2946e-05 9.0995e+06 3.2492e+01 5.7856e+00 2.2565e-04 7.4260e-02 1.5681e-03 2.4241e-02
3.2986e-05 9.0884e+06 1.2975e-01 4.8455e-02 1.9760e-04 2.4618e-02 5.6366e-05 2.1009e-02
3.3027e-05 9.0772e+06 2.5494e+01 6.3354e+00 2.6884e-04 2.6374e-02 9.5209e-04 1.7295e-02
3.3067e-05 9.0661e+06 5.2104e+01 1.1056e+01 2.7216e-04 5.1234e-02 2.5603e-03 1.5799e-02
3.3108e-05 9.0551e+06 2.6943e+01 4.8403e+00 1.8609e-04 4.4071e-02 2.2094e-03 1.5382e-02
3.3148e-05 9.0440e+06 1.6241e-01 4.1626e-02 1.6669e-04 1.4442e-02 6.4156e-04 1.7383e-02
3.3189e-05 9.0330e+06 2.0365e+01 5.2971e+00 2.3677e-04 3.0055e-03 1.0380e-04 2.1464e-02
3.3229e-05 9.0220e+06 4.2798e+01 9.3221e+00 2.4794e-04 7.3467e-03 5.2476e-04 2.0739e-02
3.3269e-05 9.0111e+06 2.2722e+01 4.1188e+00 1.7358e-04 9.6041e-03 5.1375e-04 1.3266e-02
3.3310e-05 9.0001e+06 1.9426e-01 3.6897e-02 1.5561e-04 2.9081e-02 3.9124e-04 8.5434e-03
3.3350e-05 8.9892e+06 1.6511e+01 4.5030e+00 2.2395e-04 7.9986e-02 1.4525e-03 1.2223e-02
3.3391e-05 8.9783e+06 3.5673e+01 7.9837e+00 2.3763e-04 1.1854e-01 3.2293e-03 1.6233e-02
3.3431e-05 8.9675e+06 1.9433e+01 3.5572e+00 1.6030e-04 9.7373e-02 3.8419e-03 1.3631e-02
3.3472e-05 8.9566e+06 2.2446e-01 3.3511e-02 1.4346e-04 4.0438e-02 2.6838e-03 1.0047e-02
3.3512e-05 8.9458e+06 1.3553e+01 3.8796e+00 2.5105e-04 5.9951e-03 1.0460e-03 1.0629e-02
3.3552e-05 8.9351e+06 3.0102e+01 6.9234e+00 3.2265e-04 4.2674e-03 2.2595e-04 9.6498e-03
3.3593e-05 8.9243e+06 1.6818e+01 3.1056e+00 2.2433e-04 5.8343e-03 2.2584e-04 3.8158e-03
3.3633e-05 8.9136e+06 2.5269e-01 3.0843e-02 6.1148e-05 4.2446e-03 3.2478e-04 1.8791e-03
3.3674e-05 8.9029e+06 1.1241e+01 3.3925e+00 1.4659e-05 1.4193e-02 1.5784e-04 8.9571e-03
3.3714e-05 8.8922e+06 2.5669e+01 6.0900e+00 9.1989e-05 2.6800e-02 3.4668e-05 1.4517e-02
3.3755e-05 8.8816e+06 1.4703e+01 2.7550e+00 1.5813e-04 2.0618e-02 3.6144e-04 9.4390e-03
3.3795e-05 8.8709e+06 2.7889e-01 2.8422e-02 1.4188e-04 6.5554e-03 8.6924e-04 3.1618e-03
3.3835e-05 8.8603e+06 9.4054e+00 2.9817e+00 1.0111e-04 1.4364e-02 8.4892e-04 8.7998e-03
3.3876e-05 8.8498e+06 2.2086e+01 5.3901e+00 1.0950e-04 4.0239e-02 4.1223e-04 2.0627e-02
3.3916e-05 8.8392e+06 1.2967e+01 2.4556e+00 1.5400e-04 4.9855e-02 7.2821e-04 2.2411e-02
3.3957e-05 8.8287e+06 3.0310e-01 2.6739e-02 1.6247e-04 3.1628e-02 2.2374e-03 1.2111e-02
3.3997e-05 8.8182e+06 7.9295e+00 2.6500e+00 1.1754e-04 1.0262e-02 3.4875e-03 2.7490e-03
3.4037e-05 8.8077e+06 1.9152e+01 4.8152e+00 1.1307e-04 5.9837e-03 2.9666e-03 1.8028e-03
3.4078e-05 8.7973e+06 1.1523e+01 2.2055e+00 2.4216e-04 1.1397e-02 1.3842e-03 3.9076e-03
3.4118e-05 8.7868e+06 3.2544e-01 2.4492e-02 4.2650e-04 1.2776e-02 6.2696e-04 3.4963e-03
3.4159e-05 8.7764e+06 6.7287e+00 2.3809e+00 4.5752e-04 9.3417e-03 9.8408e-04 2.3943e-03
3.4199e-05 8.7661e+06 1.6721e+01 4.3506e+00 2.6630e-04 5.8991e-03 1.1505e-03 3.2113e-03
3.4240e-05 8.7557e+06 1.0309e+01 2.0117e+00 4.7578e-05 3.9911e-03 6.8910e-04 4.4714e-03
3.4280e-05 8.7454e+06 3.4605e-01 2.5792e-02 1.1966e-05 4.3079e-03 5.5185e-04 4.5404e-03
3.4320e-05 8.7351e+06 5.7419e+00 2.1391e+00 1.0982e-04 6.3238e-03 1.0508e-03 4.0260e-03
3.4361e-05 8.7248e+06 1.4687e+01 3.9332e+00 1.4180e-04 5.8575e-03 1.2117e-03 3.0688e-03
3.4401e-05 8.7146e+06 9.2763e+00 1.8293e+00 6.9295e-05 1.8484e-03 6.0131e-04 1.1946e-03
3.4442e-05 8.7043e+06 3.6506e-01 2.4551e-02 3.5549e-05 1.1286e-03 1.2350e-04 1.8961e-05
3.4482e-05 8.6941e+06 4.9240e+00 1.9414e+00 1.0368e-04 7.6970e-03 3.7426e-04 1.6022e-03
3.4523e-05 8.6840e+06 1.2968e+01 3.5843e+00 1.6286e-04 1.4053e-02 6.6264e-04 4.4227e-03
3.4563e-05 8.6738e+06 8.3910e+00 1.6751e+00 1.2512e-04 1.2595e-02 3.7236e-04 5.1385e-03
3.4603e-05 8.6637e+06 3.8262e-01 2.3904e-02 5.3379e-05 7.8268e-03 1.8636e-05 3.7517e-03
3.4644e-05 8.6536e+06 4.2406e+00 1.7752e+00 3.4379e-05 7.4212e-03 1.8868e-04 3.1010e-03
3.4684e-05 8.6435e+06 1.1504e+01 3.2897e+00 5.2541e-05 9.4718e-03 5.1109e-04 3.9946e-03
3.4725e-05 8.6334e+06 7.6256e+00 1.5457e+00 5.6529e-05 8.8616e-03 4.4023e-04 4.6502e-03
3.4765e-05 8.6234e+06 3.9886e-01 2.2576e-02 4.9010e-05 7.7936e-03 1.7663e-04 4.2390e-03
3.4806e-05 8.6134e+06 3.6659e+00 1.6265e+00 4.6348e-05 9.3901e-03 1.1642e-04 3.4515e-03
3.4846e-05 8.6034e+06 1.0247e+01 3.0273e+00 3.3044e-05 9.2086e-03 1.3986e-04 2.3446e-03
3.4886e-05 8.5934e+06 6.9588e+00 1.4287e+00 1.2091e-05 4.0048e-03 4.7450e-05 9.2264e-04
3.4927e-05 8.5834e+06 4.1388e-01 2.3658e-02 2.5173e-05 7.4010e-04 3.8019e-05 7.7959e-04
3.4967e-05 8.5735e+06 3.1796e+00 1.5064e+00 7.4296e-05 5.5477e-03 2.4368e-04 2.7530e-03
3.5008e-05 8.5636e+06 9.1623e+00 2.8096e+00 9.7539e-05 1.1446e-02 3.9116e-04 4.1861e-03
3.5048e-05 8.5537e+06 6.3741e+00 1.3324e+00 6.8639e-05 8.9664e-03 3.3099e-04 2.4577e-03
3.5089e-05 8.5439e+06 4.2781e-01 2.3027e-02 4.4612e-05 2.4322e-03 3.1848e-04 3.0267e-04
3.5129e-05 8.5341e+06 2.7660e+00 1.3949e+00 6.5867e-05 3.3347e-03 4.5188e-04 2.9906e-03
3.5169e-05 8.5242e+06 8.2194e+00 2.6125e+00 8.7323e-05 1.2176e-02 4.3660e-04 9.9581e-03
3.5210e-05 8.5145e+06 5.8582e+00 1.2448e+00 6.5119e-05 1.8500e-02 1.7986e-04 1.3932e-02
3.5250e-05 8.5047e+06 4.4074e-01 2.2479e-02 3.4337e-05 1.6240e-02 6.9003e-06 1.0251e-02
3.5291e-05 8.4950e+06 2.4126e+00 1.2981e+00 3.4737e-05 9.4367e-03 5.5778e-05 3.4338e-03
3.5331e-05 8.4852e+06 7.3955e+00 2.4398e+00 3.4629e-05 4.7062e-03 7.6097e-05 1.5626e-03
3.5371e-05 8.4755e+06 5.4004e+00 1.1681e+00 7.9209e-06 5.4162e-03 3.3062e-06 6.1387e-03
3.5412e-05 8.4659e+06 4.5275e-01 2.1948e-02 1.6850e-05 1.0902e-02 7.6016e-05 1.0799e-02
3.5452e-05 8.4562e+06 2.1094e+00 1.2117e+00 1.1814e-04 1.5771e-02 2.5115e-04 9.7366e-03
3.5493e-05 8.4466e+06 6.6720e+00 2.2860e+00 2.3601e-04 1.3475e-02 2.2699e-04 4.3737e-03
3.5533e-05 8.4370e+06 4.9921e+00 1.1001e+00 2.4045e-04 5.1995e-03 1.6626e-04 4.3398e-04
3.5574e-05 8.4274e+06 4.6393e-01 2.2685e-02 1.3189e-04 1.8812e-04 5.7726e-04 5.2237e-04
3.5614e-05 8.4178e+06 1.8484e+00 1.1356e+00 4.0538e-05 2.8962e-03 1.3039e-03 2.1606e-03
3.5654e-05 8.4083e+06 6.0338e+00 2.1480e+00 4.2106e-05 6.4813e-03 1.5234e-03 2.5433e-03
3.5695e-05 8.3988e+06 4.6262e+00 1.0374e+00 7.7141e-05 4.3789e-03 1.0242e-03 2.1160e-03
3.5735e-05 8.3892e+06 4.7434e-01 2.2300e-02 7.2719e-05 7.1092e-04 5.9069e-04 2.3373e-03
3.5776e-05 8.3798e+06 1.6232e+00 1.0684e+00 4.6793e-05 2.0493e-03 7.4343e-04 2.6111e-03
3.5816e-05 8.3703e+06 5.4685e+00 2.0257e+00 4.7004e-05 5.8793e-03 9.7395e-04 1.7681e-03
3.5857e-05 8.3609e+06 4.2968e+00 9.8177e-01 6.3236e-05 5.7108e-03 7.0852e-04 7.9325e-04
3.5897e-05 8.3515e+06 4.8405e-01 2.2091e-02 6.0521e-05 2.2248e-03 2.2491e-04 1.3338e-03
3.5937e-05 8.3421e+06 1.4283e+00 1.0089e+00 4.7179e-05 8.2340e-04 4.5523e-05 2.5959e-03
3.5978e-05 8.3327e+06 4.9658e+00 1.9174e+00 5.0999e-05 2.1018e-03 1.0080e-04 2.5391e-03
3.6018e-05 8.3233e+06 3.9990e+00 9.3285e-01 6.2159e-05 2.5421e-03 7.2731e-05 1.4199e-03
3.6059e-05 8.3140e+06 4.9311e-01 2.1988e-02 5.4911e-05 1.5654e-03 5.8040e-06 1.2095e-03
3.6099e-05 8.3047e+06 1.2594e+00 9.5465e-01 4.1123e-05 1.1373e-03 4.7334e-05 1.9503e-03
3.6140e-05 8.2954e+06 4.5173e+00 1.8191e+00 4.8958e-05 1.1486e-03 7.2511e-05 1.8325e-03
3.6180e-05 8.2861e+06 3.7288e+00 8.8841e-01 6.6187e-05 8.3729e-04 2.2672e-05 8.2859e-04
3.6220e-05 8.2769e+06 5.0157e-01 2.1920e-02 5.8781e-05 1.7177e-03 1.3609e-04 9.6062e-04
3.6261e-05 8.2677e+06 1.1128e+00 9.0559e-01 3.5203e-05 4.2001e-03 4.4271e-04 2.5133e-03
3.6301e-05 8.2585e+06 4.1158e+00 1.7298e+00 3.5906e-05 5.0210e-03 5.3854e-04 3.2073e-03
3.6342e-05 8.2493e+06 3.4827e+00 8.4781e-01 6.1222e-05 2.6625e-03 2.5312e-04 2.0321e-03
3.6382e-05 8.2401e+06 5.0949e-01 2.1878e-02 6.9169e-05 9.4270e-04 8.3298e-06 8.9447e-04
3.6423e-05 8.2310e+06 9.8547e-01 8.6111e-01 5.3204e-05 2.5228e-03 1.1062e-04 1.2616e-03
3.6463e-05 8.2218e+06 3.7554e+00 1.6480e+00 5.9196e-05 3.9224e-03 2.4524e-04 1.9625e-03
3.6503e-05 8.2127e+06 3.2579e+00 8.0948e-01 1.0152e-04 2.2067e-03 1.1606e-04 1.7805e-03
3.6544e-05 8.2036e+06 5.1689e-01 2.1197e-02 1.2447e-04 9.7397e-04 1.0341e-05 1.6346e-03
3.6584e-05 8.1946e+06 8.7490e-01 8.2197e-01 8.8186e-05 3.3988e-03 2.0432e-04 2.4132e-03
3.6625e-05 8.1855e+06 3.4309e+00 1.5761e+00 3.7623e-05 5.1307e-03 3.6385e-04 2.9289e-03
3.6665e-05 8.1765e+06 3.0518e+00 7.7703e-01 3.0728e-05 2.0857e-03 1.6673e-04 2.1257e-03
3.6706e-05 8.1675e+06 5.2381e-01 2.1950e-02 4.5896e-05 3.5125e-04 6.2328e-05 1.5405e-03
3.6746e-05 8.1585e+06 7.7893e-01 7.8631e-01 3.3594e-05 8.5023e-03 6.9602e-04 3.2338e-03
3.6786e-05 8.1496e+06 3.1382e+00 1.5090e+00 2.4653e-05 2.2391e-02 1.8448e-03 6.2772e-03
3.6827e-05 8.1406e+06 2.8624e+00 7.4464e-01 9.2970e-05 2.7735e-02 2.5878e-03 7.5004e-03
3.6867e-05 8.1317e+06 5.3030e-01 2.1010e-02 2.1513e-04 1.8658e-02 2.4142e-03 5.5101e-03
3.6908e-05 8.1228e+06 6.9574e-01 7.5630e-01 2.6622e-04 5.2357e-03 1.6369e-03 2.3223e-03
3.6948e-05 8.1139e+06 2.8734e+00 1.4549e+00 1.8485e-04 1.8892e-05 8.1995e-04 7.6155e-04
3.6988e-05 8.1050e+06 2.6877e+00 7.2281e-01 5.9391e-05 3.4936e-03 2.7418e-04 1.2844e-03
3.7029e-05 8.0962e+06 5.3637e-01 2.2528e-02 3.7597e-06 6.7687e-03 6.1336e-05 1.9723e-03
3.7069e-05 8.0873e+06 6.2378e-01 7.2311e-01 1.7178e-05 4.5580e-03 7.6874e-05 1.3413e-03
3.7110e-05 8.0785e+06 2.6336e+00 1.3948e+00 2.6671e-05 6.4108e-04 1.0609e-04 2.8330e-04
3.7150e-05 8.0697e+06 2.5263e+00 6.9447e-01 1.1009e-05 9.4382e-04 4.2313e-05 4.6356e-04
3.7191e-05 8.0610e+06 5.4206e-01 2.2217e-02 6.4356e-06 4.9919e-03 4.2380e-06 1.4473e-03
3.7231e-05 8.0522e+06 5.6174e-01 6.9655e-01 2.2030e-05 6.9843e-03 9.3206e-05 1.3141e-03
3.7271e-05 8.0435e+06 2.4160e+00 1.3447e+00 2.7688e-05 4.5742e-03 2.0859e-04 3.3446e-04
3.7312e-05 8.0348e+06 2.3767e+00 6.7109e-01 1.7764e-05 2.5455e-03 2.6865e-04 1.4059e-03
3.7352e-05 8.0261e+06 5.4738e-01 2.1999e-02 2.0004e-05 5.3007e-03 3.7563e-04 5.3685e-03
3.7393e-05 8.0174e+06 5.0849e-01 6.7111e-01 3.8599e-05 9.3687e-03 5.5094e-04 8.5388e-03
3.7433e-05 8.0087e+06 2.2181e+00 1.2976e+00 4.4456e-05 8.4276e-03 5.6657e-04 7.4347e-03
3.7474e-05 8.0001e+06 2.2378e+00 6.4917e-01 2.9038e-05 3.4269e-03 3.0170e-04 3.7189e-03
3.7514e-05 7.9915e+06 5.5237e-01 2.2088e-02 1.8430e-05 1.0341e-03 3.0157e-05 1.3346e-03
3.7554e-05 7.9829e+06 4.6306e-01 6.4821e-01 2.4129e-05 2.7970e-03 6.4006e-05 8.1180e-04
3.7595e-05 7.9743e+06 2.0381e+00 1.2542e+00 2.5158e-05 3.5222e-03 3.0345e-04 3.0759e-04
3.7635e-05 7.9657e+06 2.1086e+00 6.2834e-01 1.1927e-05 1.3165e-03 4.2053e-04 4.9828e-04
3.7676e-05 7.9572e+06 5.5704e-01 2.2337e-02 6.0183e-06 1.0038e-03 3.2400e-04 3.4145e-03
3.7716e-05 7.9487e+06 4.2461e-01 6.2909e-01 1.9670e-05 4.7190e-03 1.7429e-04 7.0983e-03
3.7757e-05 7.9401e+06 1.8741e+00 1.2170e+00 3.2819e-05 7.0946e-03 8.0408e-05 6.9824e-03
3.7797e-05 7.9317e+06 1.9880e+00 6.1061e-01 2.9519e-05 4.4252e-03 3.9802e-05 3.2808e-03
3.7837e-05 7.9232e+06 5.6140e-01 2.1975e-02 2.4232e-05 1.5929e-03 7.1462e-05 1.6221e-03
3.7878e-05 7.9147e+06 3.9242e-01 6.0991e-01 3.1114e-05 4.0051e-03 1.8131e-04 4.5783e-03
3.7918e-05 7.9063e+06 1.7246e+00 1.1816e+00 3.6783e-05 8.3504e-03 2.6949e-04 7.5774e-03
3.7959e-05 7.8979e+06 1.8753e+00 5.9414e-01 2.6952e-05 7.9789e-03 2.4081e-04 5.9682e-03
3.7999e-05 7.8895e+06 5.6548e-01 2.1975e-02 1.4865e-05 3.3054e-03 1.3723e-04 1.7991e-03
3.8040e-05 7.8811e+06 3.6586e-01 5.9239e-01 1.7960e-05 1.7769e-04 5.5691e-05 2.2240e-05
3.8080e-05 7.8727e+06 1.5882e+00 1.1486e+00 2.6393e-05 6.5331e-04 3.5335e-05 1.2701e-03
3.8120e-05 7.8644e+06 1.7699e+00 5.7822e-01 2.0992e-05 1.6794e-03 9.0509e-05 2.3383e-03
3.8161e-05 7.8560e+06 5.6929e-01 2.1592e-02 7.7571e-06 1.3240e-03 2.1167e-04 1.7027e-03
3.8201e-05 7.8477e+06 3.4440e-01 5.7705e-01 8.5198e-06 7.3618e-04 2.8589e-04 7.3390e-04
3.8242e-05 7.8394e+06 1.4638e+00 1.1203e+00 2.6325e-05 6.2163e-04 1.9687e-04 4.9273e-04
3.8282e-05 7.8311e+06 1.6710e+00 5.6603e-01 4.3519e-05 3.0947e-04 4.4619e-05 5.3084e-04
3.8322e-05 7.8229e+06 5.7285e-01 2.2535e-02 4.8791e-05 3.5161e-05 5.2501e-05 5.0932e-04
3.8363e-05 7.8146e+06 3.2756e-01 5.6203e-01 4.5519e-05 7.3841e-04 2.1631e-04 6.6748e-04
3.8403e-05 7.8064e+06 1.3503e+00 1.0917e+00 3.7598e-05 1.9737e-03 2.9156e-04 8.9382e-04
3.8444e-05 7.7982e+06 1.5781e+00 5.5237e-01 2.7428e-05 2.5397e-03 1.7900e-04 9.0611e-04
3.8484e-05 7.7900e+06 5.7616e-01 2.2558e-02 2.5765e-05 2.4249e-03 5.1595e-05 9.1985e-04
3.8525e-05 7.7818e+06 3.1493e-01 5.4878e-01 4.1882e-05 2.2068e-03 3.2895e-05 1.0390e-03
3.8565e-05 7.7737e+06 1.2468e+00 1.0660e+00 6.1310e-05 1.7544e-03 3.6501e-05 7.8725e-04
3.8605e-05 7.7655e+06 1.4908e+00 5.3976e-01 5.5401e-05 1.1255e-03 6.1993e-06 1.6960e-04
3.8646e-05 7.7574e+06 5.7924e-01 2.2470e-02 2.2620e-05 1.1343e-03 2.2175e-05 8.3786e-05
3.8686e-05 7.7493e+06 3.0616e-01 5.3725e-01 3.4443e-07 1.6930e-03 7.9986e-05 7.5848e-04
3.8727e-05 7.7412e+06 1.1525e+00 1.0436e+00 1.7630e-05 1.5636e-03 6.2666e-05 1.1052e-03
3.8767e-05 7.7332e+06 1.4086e+00 5.2887e-01 5.0933e-05 7.9260e-04 1.5746e-05 5.7145e-04
3.8808e-05 7.7251e+06 5.8209e-01 2.2145e-02 5.3714e-05 8.8568e-04 1.2754e-04 1.4458e-04
3.8848e-05 7.7171e+06 3.0092e-01 5.2590e-01 2.5777e-05 1.6926e-03 3.4823e-04 4.8735e-04
3.8888e-05 7.7090e+06 1.0667e+00 1.0222e+00 1.8917e-05 1.3135e-03 3.8443e-04 7.2463e-04
3.8929e-05 7.7010e+06 1.3310e+00 5.1839e-01 6.0787e-05 9.5766e-05 1.8522e-04 2.7840e-04
3.8969e-05 7.6930e+06 5.8473e-01 2.1866e-02 1.0656e-04 8.3936e-04 5.3889e-05 1.7972e-04
3.9010e-05 7.6851e+06 2.9896e-01 5.1659e-01 9.7611e-05 3.5682e-03 1.3403e-04 1.1318e-03
3.9050e-05 7.6771e+06 9.8866e-01 1.0050e+00 4.5134e-05 4.4552e-03 1.8887e-04 1.9349e-03
3.9091e-05 7.6692e+06 1.2578e+00 5.1138e-01 1.1508e-05 2.0791e-03 8.0599e-05 1.4339e-03
3.9131e-05 7.6613e+06 5.8717e-01 2.2692e-02 1.8258e-05 2.4384e-04 4.9437e-05 5.0303e-04
3.9171e-05 7.6534e+06 3.0004e-01 5.0657e-01 2.5616e-05 1.7705e-03 2.5547e-04 4.3054e-04
3.9212e-05 7.6455e+06 9.1795e-01 9.8597e-01 1.0811e-05 3.8844e-03 4.3429e-04 7.7791e-04
3.9252e-05 7.6376e+06 1.1886e+00 5.0183e-01 8.6467e-06 3.1783e-03 3.2303e-04 5.8774e-04
3.9293e-05 7.6297e+06 5.8941e-01 2.2228e-02 4.4499e-05 1.0728e-03 9.2162e-05 3.4861e-04
3.9333e-05 7.6219e+06 3.0396e-01 4.9832e-01 7.7895e-05 5.1715e-04 2.4860e-05 8.8106e-04
3.9374e-05 7.6141e+06 8.5403e-01 9.7048e-01 6.0589e-05 9.6217e-04 6.6821e-05 1.4652e-03
3.9414e-05 7.6063e+06 1.1231e+00 4.9485e-01 1.5347e-05 7.2867e-04 3.5124e-05 1.0193e-03
3.9454e-05 7.5985e+06 5.9146e-01 2.2900e-02 1.7603e-06 1.0799e-03 3.9069e-06 1.5026e-04
3.9495e-05 7.5907e+06 3.1053e-01 4.9142e-01 2.5756e-05 3.5621e-03 1.2071e-04 1.1617e-04
3.9535e-05 7.5829e+06 7.9648e-01 9.5666e-01 4.1502e-05 5.9883e-03 2.5798e-04 6.1169e-04
3.9576e-05 7.5752e+06 1.0611e+00 4.8835e-01 3.2236e-05 5.3969e-03 2.0630e-04 5.1205e-04
3.9616e-05 7.5674e+06 5.9332e-01 2.2648e-02 2.8065e-05 2.8636e-03 4.7366e-05 9.1659e-05
3.9656e-05 7.5597e+06 3.1961e-01 4.8344e-01 4.1538e-05 1.4229e-03 5.2965e-06 5.1536e-04
3.9697e-05 7.5520e+06 7.4491e-01 9.4193e-01 4.5059e-05 1.2458e-03 7.0202e-05 1.5936e-03
3.9737e-05 7.5444e+06 1.0025e+00 4.8080e-01 2.6272e-05 6.8397e-04 7.6315e-05 1.9775e-03
3.9778e-05 7.5367e+06 5.9500e-01 2.2363e-02 1.2837e-05 1.0310e-04 2.5230e-05 1.3787e-03
3.9818e-05 7.5290e+06 3.3107e-01 4.7785e-01 2.1468e-05 7.8480e-04 3.7129e-05 8.3336e-04
3.9859e-05 7.5214e+06 6.9899e-01 9.3079e-01 2.9293e-05 1.7041e-03 8.7636e-05 8.1913e-04
3.9899e-05 7.5138e+06 9.4685e-01 4.7539e-01 1.9857e-05 1.1630e-03 6.6143e-05 7.5122e-04
3.9939e-05 7.5062e+06 5.9651e-01 2.2586e-02 1.3979e-05 1.9837e-04 6.5844e-06 4.5896e-04
3.9980e-05 7.4986e+06 3.4481e-01 4.7316e-01 2.7012e-05 8.4278e-04 1.7014e-05 6.4747e-04
4.0020e-05 7.4910e+06 6.5842e-01 9.2142e-01 3.6281e-05 2.3496e-03 6.5658e-05 1.5184e-03
4.0061e-05 7.4834e+06 8.9412e-01 4.7104e-01 2.3373e-05 2.5311e-03 5.5723e-05 2.1465e-03
4.0101e-05 7.4759e+06 5.9785e-01 2.2499e-02 1.1112e-05 1.5789e-03 2.2465e-05 1.7611e-03
4.0142e-05 7.4684e+06 3.6072e-01 4.6783e-01 2.1695e-05 1.2684e-03 5.2183e-05 8.2700e-04
4.0182e-05 7.4609e+06 6.2296e-01 9.1167e-01 3.3095e-05 1.5475e-03 9.8489e-05 3.3921e-04
4.0222e-05 7.4534e+06 8.4413e-01 4.6633e-01 2.0045e-05 1.1239e-03 7.1275e-05 5.4380e-04
4.0263e-05 7.4459e+06 5.9902e-01 2.2517e-02 7.3380e-06 3.9996e-04 1.5016e-05 8.2766e-04
4.0303e-05 7.4384e+06 3.7875e-01 4.6368e-01 3.0887e-05 7.1445e-04 1.9736e-05 6.7748e-04
4.0344e-05 7.4310e+06 5.9238e-01 9.0315e-01 6.7896e-05 1.5434e-03 5.0183e-05 3.4070e-04
4.0384e-05 7.4235e+06 7.9674e-01 4.6156e-01 6.4080e-05 1.3835e-03 3.0979e-05 3.6313e-04
4.0425e-05 7.4161e+06 6.0004e-01 2.2529e-02 2.2066e-05 6.4267e-04 5.0987e-06 6.8961e-04
4.0465e-05 7.4087e+06 3.9882e-01 4.6228e-01 3.1992e-06 8.7493e-04 5.3319e-05 7.4965e-04
4.0505e-05 7.4013e+06 5.6649e-01 8.9992e-01 3.4930e-05 1.8145e-03 1.5247e-04 5.3802e-04
4.0546e-05 7.3939e+06 7.5181e-01 4.6097e-01 7.1128e-05 1.8112e-03 2.4483e-04 8.1779e-04
4.0586e-05 7.3866e+06 6.0089e-01 2.2599e-02 6.3373e-05 7.2890e-04 3.3469e-04 1.7347e-03
4.0627e-05 7.3792e+06 4.2091e-01 4.5721e-01 2.6038e-05 1.7189e-05 3.9811e-04 2.1718e-03
4.0667e-05 7.3719e+06 5.4515e-01 8.9171e-01 3.3615e-06 2.2667e-04 3.3740e-04 1.4634e-03
4.0708e-05 7.3645e+06 7.0924e-01 4.5675e-01 6.6710e-06 5.0333e-04 1.5401e-04 7.9922e-04
4.0748e-05 7.3572e+06 6.0158e-01 2.2506e-02 1.5530e-05 3.1449e-04 1.9678e-05 1.4743e-03
4.0788e-05 7.3499e+06 4.4497e-01 4.5568e-01 1.7471e-05 4.0476e-05 4.2923e-05 2.5661e-03
4.0829e-05 7.3427e+06 5.2823e-01 8.8828e-01 1.5479e-05 7.3517e-05 1.1244e-04 2.2302e-03
4.0869e-05 7.3354e+06 6.6893e-01 4.5546e-01 1.0351e-05 4.4146e-04 9.8370e-05 7.3751e-04
4.0910e-05 7.3282e+06 6.0211e-01 2.2844e-02 3.3510e-06 9.4158e-04 4.7091e-05 3.0667e-05
4.0950e-05 7.3209e+06 4.7099e-01 4.5318e-01 7.6499e-06 1.1318e-03 4.4231e-05 5.2862e-04
4.0991e-05 7.3137e+06 5.1562e-01 8.8277e-01 3.2726e-05 1.0467e-03 5.5436e-05 7.9931e-04
4.1031e-05 7.3065e+06 6.3081e-01 4.5120e-01 6.2521e-05 1.9443e-03 4.5056e-05 4.5768e-04
4.1071e-05 7.2993e+06 6.0250e-01 2.1866e-02 7.0777e-05 4.6411e-03 8.1993e-05 7.4970e-04
4.1112e-05 7.2921e+06 4.9898e-01 4.5425e-01 5.5198e-05 7.1104e-03 1.8134e-04 1.7894e-03
4.1152e-05 7.2850e+06 5.0725e-01 8.8505e-01 3.6775e-05 6.2947e-03 2.1205e-04 1.9230e-03
4.1193e-05 7.2778e+06 5.9480e-01 4.5397e-01 2.7615e-05 2.7525e-03 1.1046e-04 7.3041e-04
4.1233e-05 7.2707e+06 6.0273e-01 2.2741e-02 2.0395e-05 4.8407e-04 1.3810e-05 4.6039e-05
4.1273e-05 7.2636e+06 5.2892e-01 4.5183e-01 1.0763e-05 1.2439e-03 3.3995e-05 8.0892e-04
4.1314e-05 7.2565e+06 5.0308e-01 8.8142e-01 8.0078e-06 2.3853e-03 7.7193e-05 1.4330e-03
4.1354e-05 7.2494e+06 5.6085e-01 4.5190e-01 1.5907e-05 1.7468e-03 4.0349e-05 7.5427e-04
4.1395e-05 7.2423e+06 6.0280e-01 2.2357e-02 2.1742e-05 9.7140e-04 9.9810e-08 1.1695e-04
