Frequency(THz) Wavelength(um) Source Detector[0] Detector[1] Detector[2] Detector[3] Detector[4]
0.0000e+00 2.9560e+07 2.1942e-24 1.4456e+00 2.5837e-30 1.3066e-25 1.4369e-23 1.3526e-23
1.0142e-05 2.9560e+07 2.9623e-03 1.4511e+00 2.5834e-30 1.3065e-25 1.4368e-23 1.3525e-23
2.0283e-05 1.4780e+07 1.1978e-02 1.4675e+00 2.5826e-30 1.3060e-25 1.4367e-23 1.3524e-23
3.0425e-05 9.8534e+06 2.7431e-02 1.4947e+00 2.5812e-30 1.3053e-25 1.4365e-23 1.3522e-23
4.0567e-05 7.3901e+06 4.9952e-02 1.5326e+00 2.5792e-30 1.3042e-25 1.4362e-23 1.3520e-23
5.0709e-05 5.9121e+06 8.0407e-02 1.5809e+00 2.5767e-30 1.3029e-25 1.4359e-23 1.3516e-23
6.0850e-05 4.9267e+06 1.1988e-01 1.6394e+00 2.5737e-30 1.3012e-25 1.4355e-23 1.3512e-23
7.0992e-05 4.2229e+06 1.6962e-01 1.7074e+00 2.5701e-30 1.2993e-25 1.4350e-23 1.3507e-23
8.1134e-05 3.6950e+06 2.3102e-01 1.7843e+00 2.5660e-30 1.2971e-25 1.4344e-23 1.3502e-23
9.1275e-05 3.2845e+06 3.0556e-01 1.8693e+00 2.5614e-30 1.2946e-25 1.4337e-23 1.3496e-23
1.0142e-04 2.9560e+06 3.9469e-01 1.9612e+00 2.5563e-30 1.2919e-25 1.4330e-23 1.3489e-23
1.1156e-04 2.6873e+06 4.9977e-01 2.0586e+00 2.5507e-30 1.2889e-25 1.4322e-23 1.3481e-23
1.2170e-04 2.4634e+06 6.2197e-01 2.1600e+00 2.5446e-30 1.2857e-25 1.4313e-23 1.3473e-23
1.3184e-04 2.2739e+06 7.6210e-01 2.2634e+00 2.5381e-30 1.2822e-25 1.4304e-23 1.3464e-23
1.4198e-04 2.1115e+06 9.2054e-01 2.3666e+00 2.5312e-30 1.2785e-25 1.4294e-23 1.3454e-23
1.5213e-04 1.9707e+06 1.0971e+00 2.4675e+00 2.5238e-30 1.2745e-25 1.4283e-23 1.3443e-23
1.6227e-04 1.8475e+06 1.2908e+00 2.5633e+00 2.5161e-30 1.2704e-25 1.4272e-23 1.3432e-23
1.7241e-04 1.7388e+06 1.5001e+00 2.6517e+00 2.5080e-30 1.2661e-25 1.4260e-23 1.3421e-23
1.8255e-04 1.6422e+06 1.7223e+00 2.7298e+00 2.4995e-30 1.2615e-25 1.4247e-23 1.3409e-23
1.9269e-04 1.5558e+06 1.9543e+00 2.7953e+00 2.4908e-30 1.2568e-25 1.4234e-23 1.3396e-23
2.0283e-04 1.4780e+06 2.1916e+00 2.8458e+00 2.4817e-30 1.2520e-25 1.4220e-23 1.3383e-23
2.1298e-04 1.4076e+06 2.4295e+00 2.8791e+00 2.4723e-30 1.2470e-25 1.4205e-23 1.3369e-23
2.2312e-04 1.3437e+06 2.6624e+00 2.8936e+00 2.4628e-30 1.2419e-25 1.4190e-23 1.3354e-23
2.3326e-04 1.2852e+06 2.8845e+00 2.8880e+00 2.4529e-30 1.2366e-25 1.4175e-23 1.3340e-23
2.4340e-04 1.2317e+06 3.0897e+00 2.8614e+00 2.4429e-30 1.2313e-25 1.4159e-23 1.3324e-23
2.5354e-04 1.1824e+06 3.2720e+00 2.8138e+00 2.4328e-30 1.2258e-25 1.4143e-23 1.3309e-23
2.6368e-04 1.1369e+06 3.4260e+00 2.7455e+00 2.4224e-30 1.2203e-25 1.4126e-23 1.3293e-23
2.7383e-04 1.0948e+06 3.5469e+00 2.6575e+00 2.4120e-30 1.2148e-25 1.4109e-23 1.3276e-23
2.8397e-04 1.0557e+06 3.6306e+00 2.5512e+00 2.4015e-30 1.2091e-25 1.4092e-23 1.3260e-23
2.9411e-04 1.0193e+06 3.6746e+00 2.4287e+00 2.3909e-30 1.2035e-25 1.4074e-23 1.3243e-23
3.0425e-04 9.8534e+05 3.6772e+00 2.2924e+00 2.3803e-30 1.1978e-25 1.4056e-23 1.3226e-23
3.1439e-04 9.5356e+05 3.6385e+00 2.1449e+00 2.3696e-30 1.1921e-25 1.4038e-23 1.3208e-23
3.2453e-04 9.2376e+05 3.5597e+00 1.9893e+00 2.3590e-30 1.1865e-25 1.4020e-23 1.3191e-23
3.3468e-04 8.9577e+05 3.4435e+00 1.8285e+00 2.3484e-30 1.1809e-25 1.4002e-23 1.3173e-23
3.4482e-04 8.6942e+05 3.2936e+00 1.6655e+00 2.3379e-30 1.1753e-25 1.3983e-23 1.3156e-23
3.5496e-04 8.4458e+05 3.1149e+00 1.5032e+00 2.3275e-30 1.1697e-25 1.3965e-23 1.3138e-23
3.6510e-04 8.2112e+05 2.9127e+00 1.3442e+00 2.3172e-30 1.1642e-25 1.3946e-23 1.3121e-23
3.7524e-04 7.9893e+05 2.6931e+00 1.1908e+00 2.3071e-30 1.1588e-25 1.3928e-23 1.3103e-23
3.8539e-04 7.7790e+05 2.4621e+00 1.0451e+00 2.2971e-30 1.1535e-25 1.3910e-23 1.3086e-23
3.9553e-04 7.5796e+05 2.2255e+00 9.0851e-01 2.2873e-30 1.1483e-25 1.3892e-23 1.3069e-23
4.0567e-04 7.3901e+05 1.9891e+00 7.8228e-01 2.2777e-30 1.1432e-25 1.3874e-23 1.3052e-23
4.1581e-04 7.2098e+05 1.7577e+00 6.6715e-01 2.2684e-30 1.1382e-25 1.3857e-23 1.3035e-23
4.2595e-04 7.0382e+05 1.5358e+00 5.6351e-01 2.2593e-30 1.1334e-25 1.3840e-23 1.3019e-23
4.3609e-04 6.8745e+05 1.3267e+00 4.7139e-01 2.2504e-30 1.1287e-25 1.3823e-23 1.3003e-23
4.4624e-04 6.7183e+05 1.1332e+00 3.9052e-01 2.2419e-30 1.1241e-25 1.3807e-23 1.2987e-23
4.5638e-04 6.5690e+05 9.5686e-01 3.2040e-01 2.2336e-30 1.1197e-25 1.3791e-23 1.2972e-23
4.6652e-04 6.4262e+05 7.9876e-01 2.6034e-01 2.2257e-30 1.1155e-25 1.3775e-23 1.2957e-23
4.7666e-04 6.2894e+05 6.5912e-01 2.0951e-01 2.2181e-30 1.1115e-25 1.3761e-23 1.2943e-23
4.8680e-04 6.1584e+05 5.3757e-01 1.6699e-01 2.2109e-30 1.1077e-25 1.3746e-23 1.2929e-23
4.9694e-04 6.0327e+05 4.3327e-01 1.3186e-01 2.2040e-30 1.1040e-25 1.3733e-23 1.2916e-23
5.0709e-04 5.9121e+05 3.4498e-01 1.0317e-01 2.1975e-30 1.1006e-25 1.3720e-23 1.2904e-23
5.1723e-04 5.7961e+05 2.7125e-01 8.0019e-02 2.1914e-30 1.0973e-25 1.3708e-23 1.2892e-23
5.2737e-04 5.6847e+05 2.1049e-01 6.1551e-02 2.1857e-30 1.0943e-25 1.3696e-23 1.2882e-23
5.3751e-04 5.5774e+05 1.6106e-01 4.6997e-02 2.1805e-30 1.0915e-25 1.3686e-23 1.2871e-23
5.4765e-04 5.4741e+05 1.2134e-01 3.5665e-02 2.1756e-30 1.0890e-25 1.3676e-23 1.2862e-23
5.5779e-04 5.3746e+05 8.9840e-02 2.6948e-02 2.1712e-30 1.0866e-25 1.3667e-23 1.2853e-23
5.6794e-04 5.2786e+05 6.5160e-02 2.0327e-02 2.1672e-30 1.0845e-25 1.3659e-23 1.2846e-23
5.7808e-04 5.1860e+05 4.6077e-02 1.5364e-02 2.1637e-30 1.0827e-25 1.3652e-23 1.2839e-23
5.8822e-04 5.0966e+05 3.1529e-02 1.1697e-02 2.1607e-30 1.0810e-25 1.3645e-23 1.2833e-23
5.9836e-04 5.0102e+05 2.0625e-02 9.0326e-03 2.1581e-30 1.0797e-25 1.3640e-23 1.2828e-23
6.0850e-04 4.9267e+05 1.2637e-02 7.1391e-03 2.1559e-30 1.0785e-25 1.3636e-23 1.2824e-23
6.1864e-04 4.8460e+05 6.9899e-03 5.8378e-03 2.1543e-30 1.0776e-25 1.3632e-23 1.2820e-23
6.2879e-04 4.7678e+05 3.2531e-03 4.9972e-03 2.1531e-30 1.0770e-25 1.3630e-23 1.2818e-23
6.3893e-04 4.6921e+05 1.1279e-03 4.5275e-03 2.1524e-30 1.0766e-25 1.3628e-23 1.2816e-23
6.4907e-04 4.6188e+05 4.3874e-04 4.3767e-03 2.1521e-30 1.0765e-25 1.3628e-23 1.2816e-23
