Frequency(THz) Wavelength(um) Source Detector[0] Detector[1] Detector[2] Detector[3] Detector[4]
0.0000e+00 1.8540e+02 1.7407e-25 5.3770e-07 9.7437e-06 1.7269e-06 7.5269e-07 1.3047e-06
1.6170e+00 1.8540e+02 4.8365e-05 5.3809e-07 9.7845e-06 1.7690e-06 7.5902e-07 1.3236e-06
3.2340e+00 9.2701e+01 1.9348e-04 5.3878e-07 9.8552e-06 1.8165e-06 7.6982e-07 1.3348e-06
4.8509e+00 6.1801e+01 4.3539e-04 5.3900e-07 9.8709e-06 1.7556e-06 7.7172e-07 1.2767e-06
6.4679e+00 4.6351e+01 7.7418e-04 5.3864e-07 9.8223e-06 1.6136e-06 7.6323e-07 1.1773e-06
8.0849e+00 3.7080e+01 1.2100e-03 5.3828e-07 9.7711e-06 1.5203e-06 7.5417e-07 1.1217e-06
9.7019e+00 3.0900e+01 1.7429e-03 5.3829e-07 9.7562e-06 1.5280e-06 7.5099e-07 1.1375e-06
1.1319e+01 2.6486e+01 2.3732e-03 5.3847e-07 9.7565e-06 1.5669e-06 7.5065e-07 1.1728e-06
1.2936e+01 2.3175e+01 3.1011e-03 5.3856e-07 9.7456e-06 1.5753e-06 7.4893e-07 1.1858e-06
1.4553e+01 2.0600e+01 3.9267e-03 5.3868e-07 9.7338e-06 1.5777e-06 7.4723e-07 1.1937e-06
1.6170e+01 1.8540e+01 4.8505e-03 5.3899e-07 9.7402e-06 1.6121e-06 7.4833e-07 1.2220e-06
1.7787e+01 1.6855e+01 5.8727e-03 5.3941e-07 9.7566e-06 1.6566e-06 7.5092e-07 1.2550e-06
1.9404e+01 1.5450e+01 6.9936e-03 5.3980e-07 9.7655e-06 1.6740e-06 7.5230e-07 1.2680e-06
2.1021e+01 1.4262e+01 8.2137e-03 5.4017e-07 9.7704e-06 1.6763e-06 7.5297e-07 1.2698e-06
2.2638e+01 1.3243e+01 9.5334e-03 5.4067e-07 9.7853e-06 1.6950e-06 7.5503e-07 1.2820e-06
2.4255e+01 1.2360e+01 1.0953e-02 5.4125e-07 9.8074e-06 1.7229e-06 7.5809e-07 1.2995e-06
2.5872e+01 1.1588e+01 1.2473e-02 5.4181e-07 9.8237e-06 1.7321e-06 7.6016e-07 1.3038e-06
2.7489e+01 1.0906e+01 1.4095e-02 5.4235e-07 9.8347e-06 1.7263e-06 7.6130e-07 1.2976e-06
2.9106e+01 1.0300e+01 1.5818e-02 5.4296e-07 9.8512e-06 1.7309e-06 7.6319e-07 1.2984e-06
3.0723e+01 9.7580e+00 1.7643e-02 5.4365e-07 9.8736e-06 1.7461e-06 7.6589e-07 1.3062e-06
3.2340e+01 9.2701e+00 1.9571e-02 5.4433e-07 9.8918e-06 1.7496e-06 7.6786e-07 1.3061e-06
3.3957e+01 8.8287e+00 2.1602e-02 5.4498e-07 9.9043e-06 1.7398e-06 7.6888e-07 1.2971e-06
3.5574e+01 8.4274e+00 2.3738e-02 5.4569e-07 9.9201e-06 1.7369e-06 7.7032e-07 1.2930e-06
3.7191e+01 8.0610e+00 2.5978e-02 5.4648e-07 9.9411e-06 1.7453e-06 7.7250e-07 1.2967e-06
3.8808e+01 7.7251e+00 2.8324e-02 5.4726e-07 9.9595e-06 1.7472e-06 7.7421e-07 1.2963e-06
4.0425e+01 7.4161e+00 3.0776e-02 5.4803e-07 9.9727e-06 1.7374e-06 7.7506e-07 1.2882e-06
4.2042e+01 7.1309e+00 3.3336e-02 5.4883e-07 9.9877e-06 1.7319e-06 7.7613e-07 1.2832e-06
4.3659e+01 6.8668e+00 3.6004e-02 5.4971e-07 1.0008e-05 1.7374e-06 7.7791e-07 1.2860e-06
4.5276e+01 6.6215e+00 3.8781e-02 5.5061e-07 1.0026e-05 1.7401e-06 7.7947e-07 1.2871e-06
4.6892e+01 6.3932e+00 4.1667e-02 5.5148e-07 1.0041e-05 1.7326e-06 7.8028e-07 1.2815e-06
4.8509e+01 6.1801e+00 4.4664e-02 5.5239e-07 1.0056e-05 1.7271e-06 7.8117e-07 1.2775e-06
5.0126e+01 5.9807e+00 4.7774e-02 5.5337e-07 1.0075e-05 1.7319e-06 7.8275e-07 1.2806e-06
5.1743e+01 5.7938e+00 5.0996e-02 5.5438e-07 1.0095e-05 1.7365e-06 7.8430e-07 1.2838e-06
5.3360e+01 5.6183e+00 5.4331e-02 5.5538e-07 1.0111e-05 1.7321e-06 7.8521e-07 1.2810e-06
5.4977e+01 5.4530e+00 5.7782e-02 5.5640e-07 1.0127e-05 1.7278e-06 7.8611e-07 1.2785e-06
5.6594e+01 5.2972e+00 6.1349e-02 5.5749e-07 1.0148e-05 1.7328e-06 7.8765e-07 1.2824e-06
5.8211e+01 5.1501e+00 6.5033e-02 5.5861e-07 1.0169e-05 1.7393e-06 7.8930e-07 1.2873e-06
5.9828e+01 5.0109e+00 6.8835e-02 5.5973e-07 1.0187e-05 1.7381e-06 7.9044e-07 1.2872e-06
6.1445e+01 4.8790e+00 7.2757e-02 5.6087e-07 1.0205e-05 1.7353e-06 7.9147e-07 1.2861e-06
6.3062e+01 4.7539e+00 7.6799e-02 5.6207e-07 1.0227e-05 1.7407e-06 7.9308e-07 1.2906e-06
6.4679e+01 4.6351e+00 8.0964e-02 5.6332e-07 1.0251e-05 1.7489e-06 7.9491e-07 1.2970e-06
6.6296e+01 4.5220e+00 8.5251e-02 5.6456e-07 1.0271e-05 1.7505e-06 7.9633e-07 1.2990e-06
6.7913e+01 4.4143e+00 8.9663e-02 5.6582e-07 1.0292e-05 1.7493e-06 7.9758e-07 1.2992e-06
6.9530e+01 4.3117e+00 9.4202e-02 5.6714e-07 1.0315e-05 1.7550e-06 7.9932e-07 1.3039e-06
7.1147e+01 4.2137e+00 9.8867e-02 5.6851e-07 1.0341e-05 1.7644e-06 8.0137e-07 1.3113e-06
7.2764e+01 4.1201e+00 1.0366e-01 5.6988e-07 1.0364e-05 1.7684e-06 8.0309e-07 1.3150e-06
7.4381e+01 4.0305e+00 1.0859e-01 5.7126e-07 1.0387e-05 1.7688e-06 8.0459e-07 1.3162e-06
7.5998e+01 3.9447e+00 1.1364e-01 5.7270e-07 1.0412e-05 1.7745e-06 8.0650e-07 1.3211e-06
7.7615e+01 3.8626e+00 1.1883e-01 5.7419e-07 1.0441e-05 1.7848e-06 8.0878e-07 1.3290e-06
7.9232e+01 3.7837e+00 1.2415e-01 5.7568e-07 1.0467e-05 1.7908e-06 8.1080e-07 1.3340e-06
8.0849e+01 3.7080e+00 1.2961e-01 5.7719e-07 1.0492e-05 1.7925e-06 8.1257e-07 1.3361e-06
8.2466e+01 3.6353e+00 1.3521e-01 5.7875e-07 1.0520e-05 1.7983e-06 8.1467e-07 1.3409e-06
8.4083e+01 3.5654e+00 1.4095e-01 5.8035e-07 1.0550e-05 1.8090e-06 8.1716e-07 1.3491e-06
8.5700e+01 3.4982e+00 1.4683e-01 5.8197e-07 1.0580e-05 1.8167e-06 8.1949e-07 1.3551e-06
8.7317e+01 3.4334e+00 1.5285e-01 5.8360e-07 1.0608e-05 1.8195e-06 8.2153e-07 1.3579e-06
8.8934e+01 3.3710e+00 1.5901e-01 5.8527e-07 1.0637e-05 1.8252e-06 8.2381e-07 1.3626e-06
9.0551e+01 3.3108e+00 1.6532e-01 5.8699e-07 1.0670e-05 1.8362e-06 8.2650e-07 1.3709e-06
9.2168e+01 3.2527e+00 1.7178e-01 5.8873e-07 1.0702e-05 1.8451e-06 8.2911e-07 1.3777e-06
9.3785e+01 3.1966e+00 1.7838e-01 5.9048e-07 1.0733e-05 1.8491e-06 8.3141e-07 1.3811e-06
9.5402e+01 3.1424e+00 1.8514e-01 5.9227e-07 1.0764e-05 1.8547e-06 8.3388e-07 1.3857e-06
9.7019e+01 3.0900e+00 1.9205e-01 5.9410e-07 1.0799e-05 1.8657e-06 8.3675e-07 1.3938e-06
9.8636e+01 3.0394e+00 1.9912e-01 5.9596e-07 1.0834e-05 1.8756e-06 8.3961e-07 1.4012e-06
1.0025e+02 2.9904e+00 2.0634e-01 5.9783e-07 1.0867e-05 1.8806e-06 8.4218e-07 1.4053e-06
1.0187e+02 2.9429e+00 2.1372e-01 5.9973e-07 1.0901e-05 1.8863e-06 8.4482e-07 1.4098e-06
1.0349e+02 2.8969e+00 2.2126e-01 6.0168e-07 1.0938e-05 1.8970e-06 8.4786e-07 1.4177e-06
1.0510e+02 2.8523e+00 2.2897e-01 6.0365e-07 1.0975e-05 1.9078e-06 8.5095e-07 1.4256e-06
1.0672e+02 2.8091e+00 2.3683e-01 6.0563e-07 1.1011e-05 1.9139e-06 8.5376e-07 1.4303e-06
1.0834e+02 2.7672e+00 2.4487e-01 6.0764e-07 1.1047e-05 1.9196e-06 8.5658e-07 1.4348e-06
1.0995e+02 2.7265e+00 2.5307e-01 6.0970e-07 1.1085e-05 1.9301e-06 8.5976e-07 1.4424e-06
1.1157e+02 2.6870e+00 2.6144e-01 6.1178e-07 1.1125e-05 1.9415e-06 8.6306e-07 1.4507e-06
1.1319e+02 2.6486e+00 2.6998e-01 6.1388e-07 1.1163e-05 1.9486e-06 8.6610e-07 1.4561e-06
1.1481e+02 2.6113e+00 2.7870e-01 6.1600e-07 1.1201e-05 1.9544e-06 8.6909e-07 1.4606e-06
1.1642e+02 2.5750e+00 2.8759e-01 6.1816e-07 1.1242e-05 1.9646e-06 8.7241e-07 1.4680e-06
1.1804e+02 2.5398e+00 2.9666e-01 6.2035e-07 1.1283e-05 1.9766e-06 8.7590e-07 1.4766e-06
1.1966e+02 2.5054e+00 3.0592e-01 6.2255e-07 1.1324e-05 1.9846e-06 8.7915e-07 1.4825e-06
1.2127e+02 2.4720e+00 3.1535e-01 6.2477e-07 1.1364e-05 1.9907e-06 8.8231e-07 1.4872e-06
1.2289e+02 2.4395e+00 3.2497e-01 6.2704e-07 1.1406e-05 2.0006e-06 8.8576e-07 1.4944e-06
1.2451e+02 2.4078e+00 3.3477e-01 6.2933e-07 1.1450e-05 2.0129e-06 8.8941e-07 1.5032e-06
1.2612e+02 2.3770e+00 3.4476e-01 6.3164e-07 1.1493e-05 2.0219e-06 8.9287e-07 1.5098e-06
1.2774e+02 2.3469e+00 3.5494e-01 6.3397e-07 1.1535e-05 2.0284e-06 8.9619e-07 1.5147e-06
1.2936e+02 2.3175e+00 3.6532e-01 6.3633e-07 1.1579e-05 2.0380e-06 8.9976e-07 1.5217e-06
1.3098e+02 2.2889e+00 3.7589e-01 6.3872e-07 1.1624e-05 2.0505e-06 9.0356e-07 1.5307e-06
1.3259e+02 2.2610e+00 3.8666e-01 6.4113e-07 1.1669e-05 2.0605e-06 9.0721e-07 1.5379e-06
1.3421e+02 2.2338e+00 3.9762e-01 6.4355e-07 1.1713e-05 2.0674e-06 9.1070e-07 1.5431e-06
1.3583e+02 2.2072e+00 4.0879e-01 6.4601e-07 1.1759e-05 2.0768e-06 9.1437e-07 1.5500e-06
1.3744e+02 2.1812e+00 4.2016e-01 6.4850e-07 1.1806e-05 2.0895e-06 9.1831e-07 1.5591e-06
1.3906e+02 2.1558e+00 4.3174e-01 6.5101e-07 1.1853e-05 2.1004e-06 9.2215e-07 1.5669e-06
1.4068e+02 2.1311e+00 4.4352e-01 6.5352e-07 1.1899e-05 2.1079e-06 9.2579e-07 1.5725e-06
1.4229e+02 2.1068e+00 4.5551e-01 6.5607e-07 1.1946e-05 2.1171e-06 9.2957e-07 1.5793e-06
1.4391e+02 2.0832e+00 4.6772e-01 6.5865e-07 1.1995e-05 2.1299e-06 9.3363e-07 1.5885e-06
1.4553e+02 2.0600e+00 4.8014e-01 6.6125e-07 1.2044e-05 2.1415e-06 9.3763e-07 1.5969e-06
1.4715e+02 2.0374e+00 4.9277e-01 6.6385e-07 1.2092e-05 2.1497e-06 9.4143e-07 1.6029e-06
1.4876e+02 2.0152e+00 5.0563e-01 6.6649e-07 1.2140e-05 2.1589e-06 9.4532e-07 1.6097e-06
1.5038e+02 1.9936e+00 5.1870e-01 6.6915e-07 1.2191e-05 2.1717e-06 9.4948e-07 1.6189e-06
1.5200e+02 1.9724e+00 5.3200e-01 6.7184e-07 1.2241e-05 2.1841e-06 9.5365e-07 1.6278e-06
1.5361e+02 1.9516e+00 5.4552e-01 6.7453e-07 1.2291e-05 2.1930e-06 9.5760e-07 1.6344e-06
1.5523e+02 1.9313e+00 5.5927e-01 6.7724e-07 1.2341e-05 2.2022e-06 9.6159e-07 1.6412e-06
1.5685e+02 1.9114e+00 5.7325e-01 6.7999e-07 1.2393e-05 2.2150e-06 9.6585e-07 1.6504e-06
1.5846e+02 1.8919e+00 5.8747e-01 6.8276e-07 1.2445e-05 2.2280e-06 9.7016e-07 1.6599e-06
1.6008e+02 1.8728e+00 6.0191e-01 6.8553e-07 1.2496e-05 2.2377e-06 9.7426e-07 1.6670e-06
1.6170e+02 1.8540e+00 6.1659e-01 6.8832e-07 1.2547e-05 2.2470e-06 9.7835e-07 1.6739e-06
1.6332e+02 1.8357e+00 6.3151e-01 6.9114e-07 1.2600e-05 2.2597e-06 9.8270e-07 1.6831e-06
1.6493e+02 1.8177e+00 6.4667e-01 6.9399e-07 1.2654e-05 2.2734e-06 9.8714e-07 1.6930e-06
1.6655e+02 1.8000e+00 6.6207e-01 6.9684e-07 1.2707e-05 2.2839e-06 9.9138e-07 1.7007e-06
1.6817e+02 1.7827e+00 6.7772e-01 6.9970e-07 1.2760e-05 2.2934e-06 9.9558e-07 1.7078e-06
1.6978e+02 1.7657e+00 6.9361e-01 7.0259e-07 1.2814e-05 2.3060e-06 1.0000e-06 1.7170e-06
1.7140e+02 1.7491e+00 7.0975e-01 7.0550e-07 1.2869e-05 2.3201e-06 1.0046e-06 1.7272e-06
1.7302e+02 1.7327e+00 7.2614e-01 7.0842e-07 1.2923e-05 2.3315e-06 1.0089e-06 1.7355e-06
1.7463e+02 1.7167e+00 7.4278e-01 7.1135e-07 1.2977e-05 2.3412e-06 1.0132e-06 1.7428e-06
1.7625e+02 1.7009e+00 7.5968e-01 7.1430e-07 1.3032e-05 2.3538e-06 1.0177e-06 1.7520e-06
1.7787e+02 1.6855e+00 7.7683e-01 7.1728e-07 1.3089e-05 2.3683e-06 1.0224e-06 1.7625e-06
1.7949e+02 1.6703e+00 7.9424e-01 7.2026e-07 1.3144e-05 2.3805e-06 1.0269e-06 1.7714e-06
1.8110e+02 1.6554e+00 8.1191e-01 7.2325e-07 1.3199e-05 2.3906e-06 1.0313e-06 1.7790e-06
1.8272e+02 1.6407e+00 8.2985e-01 7.2626e-07 1.3256e-05 2.4030e-06 1.0359e-06 1.7881e-06
1.8434e+02 1.6263e+00 8.4805e-01 7.2930e-07 1.3313e-05 2.4179e-06 1.0406e-06 1.7989e-06
1.8595e+02 1.6122e+00 8.6651e-01 7.3233e-07 1.3370e-05 2.4309e-06 1.0453e-06 1.8084e-06
1.8757e+02 1.5983e+00 8.8524e-01 7.3538e-07 1.3426e-05 2.4414e-06 1.0498e-06 1.8163e-06
1.8919e+02 1.5846e+00 9.0424e-01 7.3844e-07 1.3483e-05 2.4538e-06 1.0544e-06 1.8254e-06
1.9080e+02 1.5712e+00 9.2351e-01 7.4152e-07 1.3541e-05 2.4689e-06 1.0592e-06 1.8363e-06
1.9242e+02 1.5580e+00 9.4306e-01 7.4461e-07 1.3599e-05 2.4826e-06 1.0639e-06 1.8464e-06
1.9404e+02 1.5450e+00 9.6288e-01 7.4770e-07 1.3656e-05 2.4937e-06 1.0685e-06 1.8546e-06
1.9565e+02 1.5323e+00 9.8297e-01 7.5080e-07 1.3714e-05 2.5060e-06 1.0732e-06 1.8637e-06
1.9727e+02 1.5197e+00 1.0033e+00 7.5393e-07 1.3773e-05 2.5212e-06 1.0781e-06 1.8748e-06
1.9889e+02 1.5073e+00 1.0240e+00 7.5706e-07 1.3832e-05 2.5356e-06 1.0829e-06 1.8854e-06
2.0051e+02 1.4952e+00 1.0449e+00 7.6019e-07 1.3890e-05 2.5473e-06 1.0876e-06 1.8940e-06
2.0212e+02 1.4832e+00 1.0661e+00 7.6333e-07 1.3949e-05 2.5595e-06 1.0923e-06 1.9031e-06
2.0374e+02 1.4714e+00 1.0876e+00 7.6649e-07 1.4008e-05 2.5748e-06 1.0973e-06 1.9143e-06
2.0536e+02 1.4599e+00 1.1094e+00 7.6965e-07 1.4068e-05 2.5899e-06 1.1022e-06 1.9253e-06
2.0697e+02 1.4485e+00 1.1315e+00 7.7281e-07 1.4127e-05 2.6021e-06 1.1070e-06 1.9344e-06
2.0859e+02 1.4372e+00 1.1539e+00 7.7598e-07 1.4186e-05 2.6144e-06 1.1117e-06 1.9435e-06
2.1021e+02 1.4262e+00 1.1765e+00 7.7917e-07 1.4246e-05 2.6297e-06 1.1167e-06 1.9547e-06
2.1182e+02 1.4153e+00 1.1994e+00 7.8236e-07 1.4306e-05 2.6453e-06 1.1217e-06 1.9661e-06
2.1344e+02 1.4046e+00 1.2227e+00 7.8554e-07 1.4366e-05 2.6582e-06 1.1265e-06 1.9756e-06
2.1506e+02 1.3940e+00 1.2462e+00 7.8873e-07 1.4425e-05 2.6706e-06 1.1313e-06 1.9848e-06
2.1668e+02 1.3836e+00 1.2700e+00 7.9193e-07 1.4485e-05 2.6857e-06 1.1363e-06 1.9959e-06
2.1829e+02 1.3734e+00 1.2941e+00 7.9514e-07 1.4546e-05 2.7018e-06 1.1414e-06 2.0077e-06
2.1991e+02 1.3633e+00 1.3185e+00 7.9834e-07 1.4606e-05 2.7153e-06 1.1463e-06 2.0177e-06
2.2153e+02 1.3533e+00 1.3432e+00 8.0154e-07 1.4665e-05 2.7278e-06 1.1511e-06 2.0270e-06
2.2314e+02 1.3435e+00 1.3682e+00 8.0475e-07 1.4726e-05 2.7429e-06 1.1561e-06 2.0380e-06
2.2476e+02 1.3338e+00 1.3935e+00 8.0797e-07 1.4787e-05 2.7593e-06 1.1612e-06 2.0500e-06
2.2638e+02 1.3243e+00 1.4191e+00 8.1118e-07 1.4847e-05 2.7735e-06 1.1662e-06 2.0605e-06
2.2799e+02 1.3149e+00 1.4450e+00 8.1438e-07 1.4907e-05 2.7862e-06 1.1710e-06 2.0699e-06
2.2961e+02 1.3057e+00 1.4712e+00 8.1759e-07 1.4967e-05 2.8011e-06 1.1760e-06 2.0809e-06
2.3123e+02 1.2965e+00 1.4977e+00 8.2081e-07 1.5029e-05 2.8178e-06 1.1811e-06 2.0930e-06
2.3285e+02 1.2875e+00 1.5245e+00 8.2402e-07 1.5089e-05 2.8325e-06 1.1861e-06 2.1039e-06
2.3446e+02 1.2786e+00 1.5516e+00 8.2721e-07 1.5148e-05 2.8454e-06 1.1910e-06 2.1135e-06
2.3608e+02 1.2699e+00 1.5790e+00 8.3041e-07 1.5209e-05 2.8602e-06 1.1960e-06 2.1244e-06
2.3770e+02 1.2612e+00 1.6067e+00 8.3362e-07 1.5270e-05 2.8770e-06 1.2011e-06 2.1366e-06
2.3931e+02 1.2527e+00 1.6347e+00 8.3681e-07 1.5330e-05 2.8924e-06 1.2061e-06 2.1479e-06
2.4093e+02 1.2443e+00 1.6630e+00 8.3999e-07 1.5390e-05 2.9055e-06 1.2110e-06 2.1577e-06
2.4255e+02 1.2360e+00 1.6915e+00 8.4317e-07 1.5450e-05 2.9201e-06 1.2160e-06 2.1684e-06
2.4416e+02 1.2278e+00 1.7204e+00 8.4636e-07 1.5510e-05 2.9370e-06 1.2211e-06 2.1807e-06
2.4578e+02 1.2198e+00 1.7496e+00 8.4953e-07 1.5571e-05 2.9528e-06 1.2261e-06 2.1924e-06
2.4740e+02 1.2118e+00 1.7791e+00 8.5269e-07 1.5630e-05 2.9663e-06 1.2310e-06 2.2024e-06
2.4902e+02 1.2039e+00 1.8089e+00 8.5584e-07 1.5689e-05 2.9807e-06 1.2359e-06 2.2130e-06
2.5063e+02 1.1961e+00 1.8390e+00 8.5899e-07 1.5749e-05 2.9975e-06 1.2410e-06 2.2253e-06
2.5225e+02 1.1885e+00 1.8694e+00 8.6213e-07 1.5809e-05 3.0138e-06 1.2460e-06 2.2372e-06
2.5387e+02 1.1809e+00 1.9001e+00 8.6525e-07 1.5868e-05 3.0277e-06 1.2509e-06 2.2474e-06
2.5548e+02 1.1734e+00 1.9311e+00 8.6836e-07 1.5926e-05 3.0418e-06 1.2558e-06 2.2579e-06
2.5710e+02 1.1661e+00 1.9624e+00 8.7148e-07 1.5986e-05 3.0586e-06 1.2608e-06 2.2701e-06
2.5872e+02 1.1588e+00 1.9940e+00 8.7457e-07 1.6045e-05 3.0752e-06 1.2658e-06 2.2823e-06
2.6033e+02 1.1516e+00 2.0259e+00 8.7765e-07 1.6103e-05 3.0894e-06 1.2707e-06 2.2927e-06
2.6195e+02 1.1445e+00 2.0580e+00 8.8071e-07 1.6161e-05 3.1034e-06 1.2755e-06 2.3031e-06
2.6357e+02 1.1374e+00 2.0905e+00 8.8377e-07 1.6219e-05 3.1199e-06 1.2805e-06 2.3151e-06
2.6519e+02 1.1305e+00 2.1232e+00 8.8682e-07 1.6278e-05 3.1369e-06 1.2854e-06 2.3275e-06
2.6680e+02 1.1237e+00 2.1563e+00 8.8984e-07 1.6335e-05 3.1514e-06 1.2902e-06 2.3382e-06
2.6842e+02 1.1169e+00 2.1896e+00 8.9284e-07 1.6392e-05 3.1653e-06 1.2950e-06 2.3485e-06
2.7004e+02 1.1102e+00 2.2232e+00 8.9584e-07 1.6449e-05 3.1815e-06 1.2999e-06 2.3603e-06
2.7165e+02 1.1036e+00 2.2571e+00 8.9882e-07 1.6507e-05 3.1987e-06 1.3048e-06 2.3728e-06
2.7327e+02 1.0971e+00 2.2913e+00 9.0177e-07 1.6563e-05 3.2135e-06 1.3095e-06 2.3837e-06
2.7489e+02 1.0906e+00 2.3258e+00 9.0470e-07 1.6618e-05 3.2273e-06 1.3142e-06 2.3939e-06
2.7650e+02 1.0842e+00 2.3605e+00 9.0762e-07 1.6674e-05 3.2432e-06 1.3190e-06 2.4055e-06
2.7812e+02 1.0779e+00 2.3955e+00 9.1053e-07 1.6731e-05 3.2604e-06 1.3238e-06 2.4180e-06
2.7974e+02 1.0717e+00 2.4308e+00 9.1341e-07 1.6786e-05 3.2756e-06 1.3285e-06 2.4291e-06
2.8135e+02 1.0655e+00 2.4664e+00 9.1626e-07 1.6840e-05 3.2893e-06 1.3331e-06 2.4392e-06
2.8297e+02 1.0594e+00 2.5022e+00 9.1910e-07 1.6894e-05 3.3048e-06 1.3378e-06 2.4505e-06
2.8459e+02 1.0534e+00 2.5383e+00 9.2192e-07 1.6949e-05 3.3220e-06 1.3425e-06 2.4630e-06
2.8621e+02 1.0475e+00 2.5747e+00 9.2471e-07 1.7003e-05 3.3374e-06 1.3471e-06 2.4743e-06
2.8782e+02 1.0416e+00 2.6113e+00 9.2747e-07 1.7055e-05 3.3511e-06 1.3516e-06 2.4843e-06
2.8944e+02 1.0358e+00 2.6482e+00 9.3021e-07 1.7108e-05 3.3662e-06 1.3562e-06 2.4954e-06
2.9106e+02 1.0300e+00 2.6853e+00 9.3293e-07 1.7161e-05 3.3832e-06 1.3608e-06 2.5077e-06
2.9267e+02 1.0243e+00 2.7227e+00 9.3562e-07 1.7213e-05 3.3989e-06 1.3653e-06 2.5191e-06
2.9429e+02 1.0187e+00 2.7603e+00 9.3828e-07 1.7264e-05 3.4125e-06 1.3697e-06 2.5291e-06
2.9591e+02 1.0131e+00 2.7982e+00 9.4092e-07 1.7315e-05 3.4272e-06 1.3741e-06 2.5398e-06
2.9752e+02 1.0076e+00 2.8363e+00 9.4353e-07 1.7366e-05 3.4439e-06 1.3785e-06 2.5519e-06
2.9914e+02 1.0022e+00 2.8747e+00 9.4611e-07 1.7416e-05 3.4598e-06 1.3830e-06 2.5634e-06
3.0076e+02 9.9679e-01 2.9133e+00 9.4866e-07 1.7465e-05 3.4734e-06 1.3872e-06 2.5734e-06
3.0238e+02 9.9146e-01 2.9521e+00 9.5118e-07 1.7514e-05 3.4876e-06 1.3914e-06 2.5838e-06
3.0399e+02 9.8618e-01 2.9912e+00 9.5367e-07 1.7563e-05 3.5039e-06 1.3958e-06 2.5956e-06
3.0561e+02 9.8097e-01 3.0304e+00 9.5613e-07 1.7611e-05 3.5199e-06 1.4000e-06 2.6072e-06
3.0723e+02 9.7580e-01 3.0699e+00 9.5856e-07 1.7658e-05 3.5335e-06 1.4041e-06 2.6171e-06
3.0884e+02 9.7069e-01 3.1096e+00 9.6095e-07 1.7704e-05 3.5472e-06 1.4082e-06 2.6272e-06
3.1046e+02 9.6564e-01 3.1496e+00 9.6331e-07 1.7751e-05 3.5632e-06 1.4123e-06 2.6387e-06
3.1208e+02 9.6063e-01 3.1897e+00 9.6564e-07 1.7797e-05 3.5791e-06 1.4165e-06 2.6502e-06
3.1369e+02 9.5568e-01 3.2300e+00 9.6793e-07 1.7841e-05 3.5927e-06 1.4204e-06 2.6601e-06
3.1531e+02 9.5078e-01 3.2705e+00 9.7018e-07 1.7885e-05 3.6060e-06 1.4243e-06 2.6698e-06
3.1693e+02 9.4593e-01 3.3113e+00 9.7241e-07 1.7929e-05 3.6214e-06 1.4283e-06 2.6809e-06
3.1855e+02 9.4113e-01 3.3522e+00 9.7460e-07 1.7973e-05 3.6372e-06 1.4322e-06 2.6923e-06
3.2016e+02 9.3638e-01 3.3932e+00 9.7674e-07 1.8015e-05 3.6508e-06 1.4360e-06 2.7022e-06
3.2178e+02 9.3167e-01 3.4345e+00 9.7885e-07 1.8056e-05 3.6636e-06 1.4397e-06 2.7115e-06
3.2340e+02 9.2701e-01 3.4759e+00 9.8092e-07 1.8098e-05 3.6784e-06 1.4434e-06 2.7222e-06
3.2501e+02 9.2240e-01 3.5175e+00 9.8296e-07 1.8139e-05 3.6941e-06 1.4472e-06 2.7334e-06
3.2663e+02 9.1783e-01 3.5593e+00 9.8495e-07 1.8178e-05 3.7076e-06 1.4508e-06 2.7432e-06
3.2825e+02 9.1331e-01 3.6012e+00 9.8690e-07 1.8216e-05 3.7200e-06 1.4543e-06 2.7522e-06
3.2986e+02 9.0884e-01 3.6433e+00 9.8881e-07 1.8255e-05 3.7341e-06 1.4578e-06 2.7624e-06
3.3148e+02 9.0440e-01 3.6855e+00 9.9069e-07 1.8293e-05 3.7494e-06 1.4613e-06 2.7734e-06
3.3310e+02 9.0001e-01 3.7278e+00 9.9252e-07 1.8330e-05 3.7629e-06 1.4647e-06 2.7831e-06
3.3472e+02 8.9566e-01 3.7703e+00 9.9429e-07 1.8365e-05 3.7749e-06 1.4680e-06 2.7918e-06
3.3633e+02 8.9136e-01 3.8129e+00 9.9604e-07 1.8400e-05 3.7883e-06 1.4713e-06 2.8014e-06
3.3795e+02 8.8709e-01 3.8556e+00 9.9774e-07 1.8435e-05 3.8032e-06 1.4746e-06 2.8120e-06
3.3957e+02 8.8287e-01 3.8984e+00 9.9940e-07 1.8469e-05 3.8166e-06 1.4778e-06 2.8216e-06
3.4118e+02 8.7868e-01 3.9414e+00 1.0010e-06 1.8501e-05 3.8281e-06 1.4808e-06 2.8300e-06
3.4280e+02 8.7454e-01 3.9844e+00 1.0026e-06 1.8533e-05 3.8407e-06 1.4839e-06 2.8391e-06
3.4442e+02 8.7043e-01 4.0275e+00 1.0041e-06 1.8565e-05 3.8551e-06 1.4870e-06 2.8493e-06
3.4603e+02 8.6637e-01 4.0708e+00 1.0056e-06 1.8596e-05 3.8683e-06 1.4899e-06 2.8587e-06
3.4765e+02 8.6234e-01 4.1140e+00 1.0070e-06 1.8625e-05 3.8794e-06 1.4927e-06 2.8668e-06
3.4927e+02 8.5834e-01 4.1574e+00 1.0084e-06 1.8653e-05 3.8913e-06 1.4955e-06 2.8753e-06
3.5089e+02 8.5439e-01 4.2009e+00 1.0097e-06 1.8681e-05 3.9050e-06 1.4983e-06 2.8850e-06
3.5250e+02 8.5047e-01 4.2443e+00 1.0110e-06 1.8709e-05 3.9180e-06 1.5010e-06 2.8942e-06
3.5412e+02 8.4659e-01 4.2879e+00 1.0122e-06 1.8734e-05 3.9287e-06 1.5035e-06 2.9019e-06
3.5574e+02 8.4274e-01 4.3315e+00 1.0134e-06 1.8759e-05 3.9398e-06 1.5060e-06 2.9098e-06
3.5735e+02 8.3892e-01 4.3751e+00 1.0145e-06 1.8784e-05 3.9528e-06 1.5086e-06 2.9190e-06
3.5897e+02 8.3515e-01 4.4188e+00 1.0156e-06 1.8807e-05 3.9654e-06 1.5110e-06 2.9280e-06
3.6059e+02 8.3140e-01 4.4624e+00 1.0166e-06 1.8829e-05 3.9758e-06 1.5133e-06 2.9354e-06
3.6220e+02 8.2769e-01 4.5061e+00 1.0176e-06 1.8850e-05 3.9860e-06 1.5155e-06 2.9427e-06
3.6382e+02 8.2401e-01 4.5498e+00 1.0185e-06 1.8871e-05 3.9982e-06 1.5177e-06 2.9513e-06
3.6544e+02 8.2036e-01 4.5935e+00 1.0194e-06 1.8891e-05 4.0104e-06 1.5199e-06 2.9598e-06
3.6706e+02 8.1675e-01 4.6372e+00 1.0202e-06 1.8910e-05 4.0204e-06 1.5219e-06 2.9669e-06
3.6867e+02 8.1317e-01 4.6809e+00 1.0210e-06 1.8927e-05 4.0298e-06 1.5238e-06 2.9736e-06
3.7029e+02 8.0962e-01 4.7245e+00 1.0217e-06 1.8944e-05 4.0411e-06 1.5258e-06 2.9816e-06
3.7191e+02 8.0610e-01 4.7681e+00 1.0224e-06 1.8960e-05 4.0527e-06 1.5277e-06 2.9897e-06
3.7352e+02 8.0261e-01 4.8117e+00 1.0230e-06 1.8975e-05 4.0623e-06 1.5294e-06 2.9965e-06
3.7514e+02 7.9915e-01 4.8552e+00 1.0235e-06 1.8988e-05 4.0710e-06 1.5310e-06 3.0026e-06
3.7676e+02 7.9572e-01 4.8987e+00 1.0240e-06 1.9001e-05 4.0813e-06 1.5326e-06 3.0098e-06
3.7837e+02 7.9232e-01 4.9421e+00 1.0244e-06 1.9013e-05 4.0923e-06 1.5342e-06 3.0175e-06
3.7999e+02 7.8895e-01 4.9854e+00 1.0248e-06 1.9024e-05 4.1015e-06 1.5356e-06 3.0239e-06
3.8161e+02 7.8560e-01 5.0286e+00 1.0251e-06 1.9033e-05 4.1093e-06 1.5369e-06 3.0294e-06
3.8322e+02 7.8229e-01 5.0718e+00 1.0254e-06 1.9042e-05 4.1186e-06 1.5382e-06 3.0359e-06
3.8484e+02 7.7900e-01 5.1148e+00 1.0256e-06 1.9050e-05 4.1290e-06 1.5395e-06 3.0430e-06
3.8646e+02 7.7574e-01 5.1578e+00 1.0258e-06 1.9056e-05 4.1377e-06 1.5406e-06 3.0491e-06
3.8808e+02 7.7251e-01 5.2006e+00 1.0259e-06 1.9061e-05 4.1448e-06 1.5415e-06 3.0540e-06
3.8969e+02 7.6930e-01 5.2433e+00 1.0259e-06 1.9066e-05 4.1530e-06 1.5425e-06 3.0597e-06
3.9131e+02 7.6613e-01 5.2859e+00 1.0259e-06 1.9070e-05 4.1625e-06 1.5435e-06 3.0662e-06
3.9293e+02 7.6297e-01 5.3283e+00 1.0258e-06 1.9072e-05 4.1707e-06 1.5443e-06 3.0718e-06
3.9454e+02 7.5985e-01 5.3706e+00 1.0257e-06 1.9073e-05 4.1770e-06 1.5449e-06 3.0762e-06
3.9616e+02 7.5674e-01 5.4127e+00 1.0255e-06 1.9073e-05 4.1842e-06 1.5455e-06 3.0811e-06
3.9778e+02 7.5367e-01 5.4546e+00 1.0253e-06 1.9073e-05 4.1928e-06 1.5461e-06 3.0869e-06
3.9939e+02 7.5062e-01 5.4964e+00 1.0250e-06 1.9071e-05 4.2004e-06 1.5466e-06 3.0921e-06
4.0101e+02 7.4759e-01 5.5380e+00 1.0246e-06 1.9068e-05 4.2060e-06 1.5469e-06 3.0959e-06
4.0263e+02 7.4459e-01 5.5793e+00 1.0242e-06 1.9063e-05 4.2121e-06 1.5471e-06 3.0999e-06
4.0425e+02 7.4161e-01 5.6205e+00 1.0237e-06 1.9059e-05 4.2197e-06 1.5474e-06 3.1051e-06
4.0586e+02 7.3866e-01 5.6615e+00 1.0231e-06 1.9053e-05 4.2267e-06 1.5476e-06 3.1097e-06
4.0748e+02 7.3572e-01 5.7022e+00 1.0225e-06 1.9045e-05 4.2316e-06 1.5475e-06 3.1130e-06
4.0910e+02 7.3282e-01 5.7427e+00 1.0218e-06 1.9036e-05 4.2365e-06 1.5474e-06 3.1162e-06
4.1071e+02 7.2993e-01 5.7830e+00 1.0211e-06 1.9027e-05 4.2431e-06 1.5473e-06 3.1206e-06
4.1233e+02 7.2707e-01 5.8230e+00 1.0203e-06 1.9016e-05 4.2494e-06 1.5471e-06 3.1247e-06
4.1395e+02 7.2423e-01 5.8628e+00 1.0195e-06 1.9004e-05 4.2536e-06 1.5467e-06 3.1274e-06
4.1556e+02 7.2141e-01 5.9023e+00 1.0186e-06 1.8991e-05 4.2574e-06 1.5463e-06 3.1298e-06
4.1718e+02 7.1861e-01 5.9415e+00 1.0176e-06 1.8977e-05 4.2629e-06 1.5458e-06 3.1333e-06
4.1880e+02 7.1584e-01 5.9804e+00 1.0166e-06 1.8962e-05 4.2684e-06 1.5453e-06 3.1368e-06
4.2042e+02 7.1309e-01 6.0191e+00 1.0155e-06 1.8946e-05 4.2718e-06 1.5446e-06 3.1390e-06
4.2203e+02 7.1035e-01 6.0574e+00 1.0143e-06 1.8928e-05 4.2746e-06 1.5437e-06 3.1406e-06
4.2365e+02 7.0764e-01 6.0954e+00 1.0131e-06 1.8909e-05 4.2788e-06 1.5429e-06 3.1432e-06
4.2527e+02 7.0495e-01 6.1331e+00 1.0119e-06 1.8890e-05 4.2835e-06 1.5420e-06 3.1461e-06
4.2688e+02 7.0228e-01 6.1705e+00 1.0105e-06 1.8869e-05 4.2863e-06 1.5410e-06 3.1477e-06
4.2850e+02 6.9963e-01 6.2075e+00 1.0091e-06 1.8847e-05 4.2879e-06 1.5398e-06 3.1485e-06
4.3012e+02 6.9700e-01 6.2442e+00 1.0077e-06 1.8824e-05 4.2910e-06 1.5386e-06 3.1503e-06
4.3173e+02 6.9439e-01 6.2806e+00 1.0062e-06 1.8800e-05 4.2947e-06 1.5373e-06 3.1525e-06
4.3335e+02 6.9180e-01 6.3166e+00 1.0046e-06 1.8775e-05 4.2967e-06 1.5359e-06 3.1535e-06
4.3497e+02 6.8923e-01 6.3522e+00 1.0030e-06 1.8748e-05 4.2974e-06 1.5344e-06 3.1535e-06
4.3659e+02 6.8668e-01 6.3874e+00 1.0013e-06 1.8721e-05 4.2991e-06 1.5328e-06 3.1543e-06
4.3820e+02 6.8414e-01 6.4222e+00 9.9952e-07 1.8693e-05 4.3019e-06 1.5312e-06 3.1558e-06
4.3982e+02 6.8163e-01 6.4567e+00 9.9771e-07 1.8663e-05 4.3032e-06 1.5295e-06 3.1562e-06
4.4144e+02 6.7913e-01 6.4907e+00 9.9584e-07 1.8632e-05 4.3028e-06 1.5275e-06 3.1556e-06
4.4305e+02 6.7665e-01 6.5243e+00 9.9390e-07 1.8600e-05 4.3033e-06 1.5256e-06 3.1554e-06
4.4467e+02 6.7419e-01 6.5575e+00 9.9192e-07 1.8567e-05 4.3050e-06 1.5236e-06 3.1561e-06
4.4629e+02 6.7175e-01 6.5903e+00 9.8987e-07 1.8533e-05 4.3055e-06 1.5215e-06 3.1559e-06
4.4790e+02 6.6932e-01 6.6226e+00 9.8776e-07 1.8497e-05 4.3042e-06 1.5193e-06 3.1545e-06
4.4952e+02 6.6692e-01 6.6545e+00 9.8559e-07 1.8461e-05 4.3034e-06 1.5169e-06 3.1534e-06
4.5114e+02 6.6452e-01 6.6859e+00 9.8337e-07 1.8424e-05 4.3039e-06 1.5146e-06 3.1533e-06
4.5276e+02 6.6215e-01 6.7169e+00 9.8109e-07 1.8386e-05 4.3036e-06 1.5122e-06 3.1525e-06
4.5437e+02 6.5980e-01 6.7474e+00 9.7875e-07 1.8346e-05 4.3013e-06 1.5095e-06 3.1504e-06
4.5599e+02 6.5746e-01 6.7774e+00 9.7635e-07 1.8305e-05 4.2993e-06 1.5069e-06 3.1484e-06
4.5761e+02 6.5513e-01 6.8070e+00 9.7389e-07 1.8263e-05 4.2987e-06 1.5042e-06 3.1473e-06
4.5922e+02 6.5283e-01 6.8360e+00 9.7138e-07 1.8221e-05 4.2975e-06 1.5014e-06 3.1459e-06
4.6084e+02 6.5053e-01 6.8646e+00 9.6881e-07 1.8176e-05 4.2943e-06 1.4984e-06 3.1431e-06
4.6246e+02 6.4826e-01 6.8926e+00 9.6618e-07 1.8131e-05 4.2910e-06 1.4954e-06 3.1402e-06
4.6407e+02 6.4600e-01 6.9201e+00 9.6351e-07 1.8085e-05 4.2892e-06 1.4923e-06 3.1382e-06
4.6569e+02 6.4376e-01 6.9471e+00 9.6077e-07 1.8039e-05 4.2871e-06 1.4892e-06 3.1361e-06
4.6731e+02 6.4153e-01 6.9736e+00 9.5798e-07 1.7990e-05 4.2831e-06 1.4859e-06 3.1327e-06
4.6892e+02 6.3932e-01 6.9996e+00 9.5513e-07 1.7941e-05 4.2785e-06 1.4825e-06 3.1289e-06
4.7054e+02 6.3712e-01 7.0250e+00 9.5223e-07 1.7891e-05 4.2754e-06 1.4791e-06 3.1260e-06
4.7216e+02 6.3494e-01 7.0498e+00 9.4928e-07 1.7840e-05 4.2724e-06 1.4756e-06 3.1232e-06
4.7378e+02 6.3277e-01 7.0742e+00 9.4627e-07 1.7788e-05 4.2675e-06 1.4720e-06 3.1191e-06
4.7539e+02 6.3062e-01 7.0979e+00 9.4320e-07 1.7734e-05 4.2618e-06 1.4682e-06 3.1145e-06
4.7701e+02 6.2848e-01 7.1211e+00 9.4009e-07 1.7680e-05 4.2574e-06 1.4645e-06 3.1106e-06
4.7863e+02 6.2636e-01 7.1437e+00 9.3692e-07 1.7625e-05 4.2534e-06 1.4607e-06 3.1071e-06
4.8024e+02 6.2425e-01 7.1657e+00 9.3370e-07 1.7569e-05 4.2477e-06 1.4567e-06 3.1024e-06
4.8186e+02 6.2216e-01 7.1872e+00 9.3043e-07 1.7511e-05 4.2409e-06 1.4526e-06 3.0969e-06
4.8348e+02 6.2007e-01 7.2080e+00 9.2711e-07 1.7453e-05 4.2351e-06 1.4485e-06 3.0922e-06
4.8509e+02 6.1801e-01 7.2283e+00 9.2374e-07 1.7394e-05 4.2301e-06 1.4444e-06 3.0878e-06
4.8671e+02 6.1595e-01 7.2480e+00 9.2032e-07 1.7334e-05 4.2236e-06 1.4401e-06 3.0825e-06
4.8833e+02 6.1392e-01 7.2670e+00 9.1684e-07 1.7273e-05 4.2157e-06 1.4357e-06 3.0763e-06
4.8995e+02 6.1189e-01 7.2855e+00 9.1332e-07 1.7211e-05 4.2087e-06 1.4312e-06 3.0706e-06
4.9156e+02 6.0988e-01 7.3033e+00 9.0976e-07 1.7148e-05 4.2026e-06 1.4268e-06 3.0655e-06
4.9318e+02 6.0788e-01 7.3205e+00 9.0614e-07 1.7084e-05 4.1952e-06 1.4222e-06 3.0595e-06
4.9480e+02 6.0589e-01 7.3371e+00 9.0247e-07 1.7019e-05 4.1863e-06 1.4175e-06 3.0525e-06
4.9641e+02 6.0392e-01 7.3531e+00 8.9876e-07 1.6954e-05 4.1780e-06 1.4127e-06 3.0459e-06
4.9803e+02 6.0196e-01 7.3684e+00 8.9501e-07 1.6888e-05 4.1708e-06 1.4080e-06 3.0400e-06
4.9965e+02 6.0001e-01 7.3831e+00 8.9121e-07 1.6820e-05 4.1627e-06 1.4031e-06 3.0334e-06
5.0126e+02 5.9807e-01 7.3972e+00 8.8736e-07 1.6752e-05 4.1528e-06 1.3980e-06 3.0257e-06
5.0288e+02 5.9615e-01 7.4106e+00 8.8346e-07 1.6682e-05 4.1433e-06 1.3930e-06 3.0182e-06
5.0450e+02 5.9424e-01 7.4234e+00 8.7953e-07 1.6613e-05 4.1350e-06 1.3879e-06 3.0115e-06
5.0612e+02 5.9234e-01 7.4355e+00 8.7556e-07 1.6542e-05 4.1259e-06 1.3827e-06 3.0043e-06
5.0773e+02 5.9045e-01 7.4469e+00 8.7153e-07 1.6470e-05 4.1152e-06 1.3774e-06 2.9960e-06
5.0935e+02 5.8858e-01 7.4578e+00 8.6747e-07 1.6397e-05 4.1044e-06 1.3720e-06 2.9876e-06
5.1097e+02 5.8672e-01 7.4679e+00 8.6337e-07 1.6325e-05 4.0950e-06 1.3667e-06 2.9801e-06
5.1258e+02 5.8487e-01 7.4774e+00 8.5923e-07 1.6251e-05 4.0851e-06 1.3612e-06 2.9722e-06
5.1420e+02 5.8303e-01 7.4862e+00 8.5504e-07 1.6176e-05 4.0735e-06 1.3556e-06 2.9633e-06
5.1582e+02 5.8120e-01 7.4943e+00 8.5082e-07 1.6100e-05 4.0616e-06 1.3500e-06 2.9541e-06
5.1743e+02 5.7938e-01 7.5018e+00 8.4656e-07 1.6024e-05 4.0510e-06 1.3444e-06 2.9457e-06
5.1905e+02 5.7758e-01 7.5086e+00 8.4226e-07 1.5947e-05 4.0403e-06 1.3387e-06 2.9373e-06
5.2067e+02 5.7578e-01 7.5147e+00 8.3792e-07 1.5869e-05 4.0279e-06 1.3328e-06 2.9277e-06
5.2229e+02 5.7400e-01 7.5202e+00 8.3355e-07 1.5790e-05 4.0150e-06 1.3269e-06 2.9177e-06
5.2390e+02 5.7223e-01 7.5250e+00 8.2914e-07 1.5711e-05 4.0032e-06 1.3210e-06 2.9085e-06
5.2552e+02 5.7047e-01 7.5291e+00 8.2470e-07 1.5632e-05 3.9917e-06 1.3150e-06 2.8995e-06
5.2714e+02 5.6872e-01 7.5325e+00 8.2023e-07 1.5551e-05 3.9785e-06 1.3089e-06 2.8893e-06
5.2875e+02 5.6698e-01 7.5352e+00 8.1571e-07 1.5469e-05 3.9645e-06 1.3027e-06 2.8787e-06
5.3037e+02 5.6525e-01 7.5373e+00 8.1117e-07 1.5387e-05 3.9516e-06 1.2966e-06 2.8687e-06
5.3199e+02 5.6353e-01 7.5387e+00 8.0660e-07 1.5305e-05 3.9392e-06 1.2904e-06 2.8590e-06
5.3360e+02 5.6183e-01 7.5394e+00 8.0199e-07 1.5222e-05 3.9253e-06 1.2841e-06 2.8483e-06
5.3522e+02 5.6013e-01 7.5394e+00 7.9735e-07 1.5138e-05 3.9104e-06 1.2777e-06 2.8369e-06
5.3684e+02 5.5844e-01 7.5387e+00 7.9268e-07 1.5054e-05 3.8964e-06 1.2713e-06 2.8262e-06
5.3846e+02 5.5676e-01 7.5374e+00 7.8799e-07 1.4969e-05 3.8831e-06 1.2648e-06 2.8158e-06
5.4007e+02 5.5510e-01 7.5353e+00 7.8327e-07 1.4883e-05 3.8686e-06 1.2583e-06 2.8047e-06
5.4169e+02 5.5344e-01 7.5326e+00 7.7851e-07 1.4797e-05 3.8528e-06 1.2517e-06 2.7927e-06
5.4331e+02 5.5179e-01 7.5292e+00 7.7373e-07 1.4710e-05 3.8377e-06 1.2451e-06 2.7812e-06
5.4492e+02 5.5016e-01 7.5251e+00 7.6893e-07 1.4623e-05 3.8235e-06 1.2384e-06 2.7702e-06
5.4654e+02 5.4853e-01 7.5204e+00 7.6410e-07 1.4536e-05 3.8084e-06 1.2317e-06 2.7586e-06
5.4816e+02 5.4691e-01 7.5150e+00 7.5925e-07 1.4447e-05 3.7918e-06 1.2249e-06 2.7461e-06
5.4977e+02 5.4530e-01 7.5089e+00 7.5437e-07 1.4359e-05 3.7757e-06 1.2181e-06 2.7338e-06
5.5139e+02 5.4370e-01 7.5021e+00 7.4947e-07 1.4270e-05 3.7606e-06 1.2113e-06 2.7222e-06
5.5301e+02 5.4211e-01 7.4946e+00 7.4455e-07 1.4180e-05 3.7448e-06 1.2044e-06 2.7102e-06
5.5462e+02 5.4053e-01 7.4865e+00 7.3960e-07 1.4090e-05 3.7276e-06 1.1973e-06 2.6971e-06
5.5624e+02 5.3896e-01 7.4778e+00 7.3464e-07 1.3999e-05 3.7105e-06 1.1903e-06 2.6842e-06
5.5786e+02 5.3740e-01 7.4683e+00 7.2966e-07 1.3909e-05 3.6946e-06 1.1833e-06 2.6720e-06
5.5948e+02 5.3585e-01 7.4582e+00 7.2466e-07 1.3817e-05 3.6782e-06 1.1763e-06 2.6595e-06
5.6109e+02 5.3430e-01 7.4474e+00 7.1963e-07 1.3725e-05 3.6603e-06 1.1691e-06 2.6460e-06
5.6271e+02 5.3277e-01 7.4360e+00 7.1459e-07 1.3633e-05 3.6423e-06 1.1619e-06 2.6325e-06
5.6433e+02 5.3124e-01 7.4239e+00 7.0954e-07 1.3541e-05 3.6256e-06 1.1548e-06 2.6197e-06
5.6594e+02 5.2972e-01 7.4112e+00 7.0447e-07 1.3449e-05 3.6086e-06 1.1476e-06 2.6067e-06
5.6756e+02 5.2821e-01 7.3978e+00 6.9938e-07 1.3355e-05 3.5901e-06 1.1403e-06 2.5928e-06
5.6918e+02 5.2671e-01 7.3838e+00 6.9428e-07 1.3262e-05 3.5714e-06 1.1329e-06 2.5787e-06
5.7079e+02 5.2522e-01 7.3691e+00 6.8917e-07 1.3168e-05 3.5537e-06 1.1256e-06 2.5654e-06
5.7241e+02 5.2374e-01 7.3538e+00 6.8404e-07 1.3074e-05 3.5362e-06 1.1183e-06 2.5520e-06
5.7403e+02 5.2226e-01 7.3379e+00 6.7890e-07 1.2980e-05 3.5172e-06 1.1109e-06 2.5378e-06
5.7565e+02 5.2079e-01 7.3213e+00 6.7375e-07 1.2885e-05 3.4977e-06 1.1034e-06 2.5232e-06
5.7726e+02 5.1933e-01 7.3041e+00 6.6859e-07 1.2790e-05 3.4793e-06 1.0960e-06 2.5093e-06
5.7888e+02 5.1788e-01 7.2864e+00 6.6343e-07 1.2696e-05 3.4612e-06 1.0886e-06 2.4956e-06
5.8050e+02 5.1644e-01 7.2679e+00 6.5825e-07 1.2600e-05 3.4418e-06 1.0810e-06 2.4810e-06
5.8211e+02 5.1501e-01 7.2489e+00 6.5306e-07 1.2505e-05 3.4217e-06 1.0735e-06 2.4659e-06
5.8373e+02 5.1358e-01 7.2293e+00 6.4787e-07 1.2409e-05 3.4025e-06 1.0659e-06 2.4515e-06
5.8535e+02 5.1216e-01 7.2091e+00 6.4267e-07 1.2314e-05 3.3839e-06 1.0584e-06 2.4374e-06
5.8696e+02 5.1075e-01 7.1883e+00 6.3747e-07 1.2218e-05 3.3641e-06 1.0508e-06 2.4226e-06
5.8858e+02 5.0935e-01 7.1668e+00 6.3225e-07 1.2121e-05 3.3434e-06 1.0431e-06 2.4072e-06
5.9020e+02 5.0795e-01 7.1449e+00 6.2704e-07 1.2025e-05 3.3236e-06 1.0355e-06 2.3923e-06
5.9182e+02 5.0656e-01 7.1223e+00 6.2183e-07 1.1929e-05 3.3044e-06 1.0279e-06 2.3778e-06
5.9343e+02 5.0518e-01 7.0992e+00 6.1661e-07 1.1833e-05 3.2843e-06 1.0202e-06 2.3628e-06
5.9505e+02 5.0381e-01 7.0755e+00 6.1138e-07 1.1736e-05 3.2632e-06 1.0125e-06 2.3470e-06
5.9667e+02 5.0245e-01 7.0512e+00 6.0616e-07 1.1639e-05 3.2426e-06 1.0048e-06 2.3317e-06
5.9828e+02 5.0109e-01 7.0264e+00 6.0094e-07 1.1543e-05 3.2230e-06 9.9711e-07 2.3169e-06
5.9990e+02 4.9974e-01 7.0010e+00 5.9572e-07 1.1446e-05 3.2026e-06 9.8939e-07 2.3016e-06
6.0152e+02 4.9839e-01 6.9752e+00 5.9049e-07 1.1349e-05 3.1811e-06 9.8161e-07 2.2857e-06
6.0313e+02 4.9706e-01 6.9487e+00 5.8527e-07 1.1253e-05 3.1600e-06 9.7385e-07 2.2699e-06
6.0475e+02 4.9573e-01 6.9218e+00 5.8006e-07 1.1156e-05 3.1398e-06 9.6614e-07 2.2548e-06
6.0637e+02 4.9441e-01 6.8943e+00 5.7484e-07 1.1059e-05 3.1192e-06 9.5840e-07 2.2394e-06
6.0799e+02 4.9309e-01 6.8663e+00 5.6963e-07 1.0963e-05 3.0974e-06 9.5058e-07 2.2232e-06
6.0960e+02 4.9178e-01 6.8378e+00 5.6442e-07 1.0866e-05 3.0758e-06 9.4279e-07 2.2072e-06
6.1122e+02 4.9048e-01 6.8089e+00 5.5923e-07 1.0769e-05 3.0552e-06 9.3505e-07 2.1918e-06
6.1284e+02 4.8919e-01 6.7794e+00 5.5403e-07 1.0673e-05 3.0343e-06 9.2729e-07 2.1762e-06
6.1445e+02 4.8790e-01 6.7494e+00 5.4884e-07 1.0576e-05 3.0123e-06 9.1947e-07 2.1599e-06
6.1607e+02 4.8662e-01 6.7190e+00 5.4366e-07 1.0480e-05 2.9903e-06 9.1166e-07 2.1435e-06
6.1769e+02 4.8535e-01 6.6881e+00 5.3849e-07 1.0384e-05 2.9692e-06 9.0391e-07 2.1279e-06
6.1930e+02 4.8408e-01 6.6567e+00 5.3333e-07 1.0288e-05 2.9482e-06 8.9616e-07 2.1122e-06
6.2092e+02 4.8282e-01 6.6249e+00 5.2817e-07 1.0191e-05 2.9261e-06 8.8835e-07 2.0958e-06
6.2254e+02 4.8156e-01 6.5927e+00 5.2303e-07 1.0095e-05 2.9037e-06 8.8054e-07 2.0793e-06
6.2416e+02 4.8032e-01 6.5600e+00 5.1790e-07 9.9998e-06 2.8823e-06 8.7279e-07 2.0634e-06
6.2577e+02 4.7908e-01 6.5269e+00 5.1278e-07 9.9044e-06 2.8611e-06 8.6505e-07 2.0476e-06
6.2739e+02 4.7784e-01 6.4933e+00 5.0767e-07 9.8089e-06 2.8389e-06 8.5727e-07 2.0312e-06
6.2901e+02 4.7661e-01 6.4594e+00 5.0257e-07 9.7134e-06 2.8162e-06 8.4948e-07 2.0145e-06
6.3062e+02 4.7539e-01 6.4250e+00 4.9748e-07 9.6186e-06 2.7945e-06 8.4175e-07 1.9984e-06
6.3224e+02 4.7417e-01 6.3903e+00 4.9242e-07 9.5240e-06 2.7732e-06 8.3405e-07 1.9825e-06
6.3386e+02 4.7297e-01 6.3552e+00 4.8736e-07 9.4293e-06 2.7510e-06 8.2631e-07 1.9661e-06
6.3547e+02 4.7176e-01 6.3196e+00 4.8232e-07 9.3347e-06 2.7281e-06 8.1855e-07 1.9493e-06
6.3709e+02 4.7056e-01 6.2838e+00 4.7729e-07 9.2407e-06 2.7061e-06 8.1086e-07 1.9330e-06
6.3871e+02 4.6937e-01 6.2475e+00 4.7229e-07 9.1471e-06 2.6847e-06 8.0321e-07 1.9172e-06
6.4033e+02 4.6819e-01 6.2109e+00 4.6729e-07 9.0535e-06 2.6625e-06 7.9553e-07 1.9008e-06
6.4194e+02 4.6701e-01 6.1740e+00 4.6232e-07 8.9599e-06 2.6396e-06 7.8783e-07 1.8839e-06
6.4356e+02 4.6584e-01 6.1367e+00 4.5736e-07 8.8669e-06 2.6174e-06 7.8019e-07 1.8675e-06
6.4518e+02 4.6467e-01 6.0991e+00 4.5242e-07 8.7745e-06 2.5959e-06 7.7260e-07 1.8516e-06
6.4679e+02 4.6351e-01 6.0612e+00 4.4750e-07 8.6821e-06 2.5737e-06 7.6499e-07 1.8353e-06
6.4841e+02 4.6235e-01 6.0230e+00 4.4260e-07 8.5897e-06 2.5508e-06 7.5736e-07 1.8185e-06
6.5003e+02 4.6120e-01 5.9845e+00 4.3772e-07 8.4980e-06 2.5284e-06 7.4978e-07 1.8020e-06
6.5164e+02 4.6006e-01 5.9456e+00 4.3286e-07 8.4068e-06 2.5069e-06 7.4227e-07 1.7861e-06
6.5326e+02 4.5892e-01 5.9065e+00 4.2802e-07 8.3158e-06 2.4849e-06 7.3475e-07 1.7700e-06
6.5488e+02 4.5778e-01 5.8672e+00 4.2320e-07 8.2248e-06 2.4620e-06 7.2720e-07 1.7532e-06
6.5649e+02 4.5666e-01 5.8275e+00 4.1841e-07 8.1344e-06 2.4395e-06 7.1971e-07 1.7367e-06
6.5811e+02 4.5553e-01 5.7877e+00 4.1363e-07 8.0447e-06 2.4180e-06 7.1228e-07 1.7208e-06
6.5973e+02 4.5442e-01 5.7475e+00 4.0888e-07 7.9552e-06 2.3961e-06 7.0486e-07 1.7048e-06
6.6135e+02 4.5331e-01 5.7071e+00 4.0415e-07 7.8658e-06 2.3734e-06 6.9742e-07 1.6882e-06
6.6296e+02 4.5220e-01 5.6665e+00 3.9945e-07 7.7770e-06 2.3509e-06 6.9002e-07 1.6717e-06
6.6458e+02 4.5110e-01 5.6257e+00 3.9477e-07 7.6888e-06 2.3293e-06 6.8269e-07 1.6558e-06
6.6620e+02 4.5001e-01 5.5847e+00 3.9012e-07 7.6010e-06 2.3077e-06 6.7538e-07 1.6399e-06
6.6781e+02 4.4892e-01 5.5435e+00 3.8548e-07 7.5133e-06 2.2852e-06 6.6806e-07 1.6235e-06
6.6943e+02 4.4783e-01 5.5020e+00 3.8088e-07 7.4261e-06 2.2627e-06 6.6076e-07 1.6070e-06
6.7105e+02 4.4675e-01 5.4604e+00 3.7630e-07 7.3396e-06 2.2411e-06 6.5355e-07 1.5912e-06
6.7266e+02 4.4568e-01 5.4186e+00 3.7175e-07 7.2536e-06 2.2197e-06 6.4636e-07 1.5755e-06
6.7428e+02 4.4461e-01 5.3767e+00 3.6722e-07 7.1677e-06 2.1975e-06 6.3916e-07 1.5593e-06
6.7590e+02 4.4355e-01 5.3346e+00 3.6272e-07 7.0823e-06 2.1751e-06 6.3199e-07 1.5430e-06
6.7752e+02 4.4249e-01 5.2923e+00 3.5825e-07 6.9977e-06 2.1536e-06 6.2490e-07 1.5273e-06
6.7913e+02 4.4143e-01 5.2499e+00 3.5380e-07 6.9136e-06 2.1324e-06 6.1784e-07 1.5118e-06
6.8075e+02 4.4039e-01 5.2074e+00 3.4938e-07 6.8297e-06 2.1105e-06 6.1078e-07 1.4958e-06
6.8237e+02 4.3934e-01 5.1647e+00 3.4499e-07 6.7462e-06 2.0883e-06 6.0374e-07 1.4796e-06
6.8398e+02 4.3830e-01 5.1220e+00 3.4063e-07 6.6635e-06 2.0669e-06 5.9678e-07 1.4640e-06
6.8560e+02 4.3727e-01 5.0791e+00 3.3630e-07 6.5814e-06 2.0460e-06 5.8987e-07 1.4487e-06
6.8722e+02 4.3624e-01 5.0361e+00 3.3200e-07 6.4995e-06 2.0245e-06 5.8296e-07 1.4331e-06
6.8883e+02 4.3522e-01 4.9931e+00 3.2772e-07 6.4180e-06 2.0025e-06 5.7606e-07 1.4171e-06
6.9045e+02 4.3420e-01 4.9499e+00 3.2348e-07 6.3374e-06 1.9813e-06 5.6924e-07 1.4016e-06
6.9207e+02 4.3318e-01 4.9067e+00 3.1927e-07 6.2573e-06 1.9606e-06 5.6249e-07 1.3866e-06
6.9369e+02 4.3217e-01 4.8635e+00 3.1508e-07 6.1776e-06 1.9395e-06 5.5573e-07 1.3712e-06
6.9530e+02 4.3117e-01 4.8202e+00 3.1093e-07 6.0983e-06 1.9179e-06 5.4899e-07 1.3555e-06
6.9692e+02 4.3017e-01 4.7768e+00 3.0681e-07 6.0197e-06 1.8968e-06 5.4232e-07 1.3402e-06
6.9854e+02 4.2917e-01 4.7334e+00 3.0272e-07 5.9419e-06 1.8764e-06 5.3572e-07 1.3254e-06
7.0015e+02 4.2818e-01 4.6900e+00 2.9865e-07 5.8644e-06 1.8557e-06 5.2913e-07 1.3103e-06
7.0177e+02 4.2719e-01 4.6465e+00 2.9462e-07 5.7873e-06 1.8345e-06 5.2255e-07 1.2949e-06
7.0339e+02 4.2621e-01 4.6030e+00 2.9062e-07 5.7109e-06 1.8136e-06 5.1604e-07 1.2798e-06
7.0500e+02 4.2523e-01 4.5596e+00 2.8666e-07 5.6353e-06 1.7936e-06 5.0961e-07 1.2652e-06
7.0662e+02 4.2426e-01 4.5161e+00 2.8272e-07 5.5601e-06 1.7733e-06 5.0319e-07 1.2506e-06
7.0824e+02 4.2329e-01 4.4726e+00 2.7882e-07 5.4853e-06 1.7525e-06 4.9678e-07 1.2355e-06
7.0986e+02 4.2233e-01 4.4292e+00 2.7495e-07 5.4112e-06 1.7319e-06 4.9044e-07 1.2206e-06
7.1147e+02 4.2137e-01 4.3858e+00 2.7111e-07 5.3379e-06 1.7122e-06 4.8417e-07 1.2063e-06
7.1309e+02 4.2041e-01 4.3424e+00 2.6731e-07 5.2651e-06 1.6925e-06 4.7794e-07 1.1920e-06
7.1471e+02 4.1946e-01 4.2990e+00 2.6353e-07 5.1926e-06 1.6721e-06 4.7171e-07 1.1773e-06
7.1632e+02 4.1852e-01 4.2557e+00 2.5979e-07 5.1208e-06 1.6519e-06 4.6554e-07 1.1627e-06
7.1794e+02 4.1757e-01 4.2125e+00 2.5608e-07 5.0499e-06 1.6325e-06 4.5945e-07 1.1486e-06
7.1956e+02 4.1663e-01 4.1693e+00 2.5241e-07 4.9794e-06 1.6132e-06 4.5340e-07 1.1347e-06
7.2117e+02 4.1570e-01 4.1262e+00 2.4876e-07 4.9094e-06 1.5933e-06 4.4736e-07 1.1204e-06
7.2279e+02 4.1477e-01 4.0832e+00 2.4515e-07 4.8400e-06 1.5735e-06 4.4136e-07 1.1061e-06
7.2441e+02 4.1384e-01 4.0402e+00 2.4158e-07 4.7714e-06 1.5544e-06 4.3545e-07 1.0923e-06
7.2603e+02 4.1292e-01 3.9974e+00 2.3804e-07 4.7034e-06 1.5357e-06 4.2959e-07 1.0787e-06
7.2764e+02 4.1201e-01 3.9546e+00 2.3453e-07 4.6358e-06 1.5163e-06 4.2374e-07 1.0648e-06
7.2926e+02 4.1109e-01 3.9120e+00 2.3105e-07 4.5688e-06 1.4969e-06 4.1793e-07 1.0509e-06
7.3088e+02 4.1018e-01 3.8694e+00 2.2761e-07 4.5026e-06 1.4782e-06 4.1220e-07 1.0374e-06
7.3249e+02 4.0928e-01 3.8270e+00 2.2420e-07 4.4371e-06 1.4600e-06 4.0653e-07 1.0242e-06
7.3411e+02 4.0838e-01 3.7847e+00 2.2082e-07 4.3719e-06 1.4412e-06 4.0087e-07 1.0107e-06
7.3573e+02 4.0748e-01 3.7425e+00 2.1748e-07 4.3074e-06 1.4223e-06 3.9525e-07 9.9712e-07
7.3734e+02 4.0658e-01 3.7005e+00 2.1417e-07 4.2436e-06 1.4040e-06 3.8971e-07 9.8396e-07
7.3896e+02 4.0569e-01 3.6586e+00 2.1090e-07 4.1805e-06 1.3862e-06 3.8424e-07 9.7116e-07
7.4058e+02 4.0481e-01 3.6168e+00 2.0765e-07 4.1179e-06 1.3681e-06 3.7878e-07 9.5813e-07
7.4219e+02 4.0393e-01 3.5752e+00 2.0444e-07 4.0558e-06 1.3496e-06 3.7335e-07 9.4492e-07
7.4381e+02 4.0305e-01 3.5338e+00 2.0127e-07 3.9945e-06 1.3318e-06 3.6800e-07 9.3209e-07
7.4543e+02 4.0217e-01 3.4925e+00 1.9813e-07 3.9339e-06 1.3145e-06 3.6271e-07 9.1966e-07
7.4705e+02 4.0130e-01 3.4514e+00 1.9502e-07 3.8737e-06 1.2970e-06 3.5745e-07 9.0709e-07
7.4866e+02 4.0044e-01 3.4105e+00 1.9194e-07 3.8141e-06 1.2791e-06 3.5222e-07 8.9429e-07
7.5028e+02 3.9957e-01 3.3697e+00 1.8890e-07 3.7552e-06 1.2617e-06 3.4706e-07 8.8180e-07
7.5190e+02 3.9871e-01 3.3292e+00 1.8590e-07 3.6971e-06 1.2449e-06 3.4197e-07 8.6976e-07
7.5351e+02 3.9786e-01 3.2888e+00 1.8292e-07 3.6394e-06 1.2280e-06 3.3691e-07 8.5764e-07
7.5513e+02 3.9701e-01 3.2486e+00 1.7998e-07 3.5822e-06 1.2106e-06 3.3188e-07 8.4528e-07
7.5675e+02 3.9616e-01 3.2087e+00 1.7707e-07 3.5258e-06 1.1937e-06 3.2691e-07 8.3315e-07
7.5836e+02 3.9531e-01 3.1689e+00 1.7420e-07 3.4701e-06 1.1774e-06 3.2202e-07 8.2149e-07
7.5998e+02 3.9447e-01 3.1293e+00 1.7135e-07 3.4149e-06 1.1611e-06 3.1716e-07 8.0983e-07
7.6160e+02 3.9364e-01 3.0900e+00 1.6854e-07 3.3602e-06 1.1444e-06 3.1232e-07 7.9791e-07
7.6322e+02 3.9280e-01 3.0509e+00 1.6576e-07 3.3062e-06 1.1279e-06 3.0755e-07 7.8616e-07
7.6483e+02 3.9197e-01 3.0120e+00 1.6302e-07 3.2530e-06 1.1122e-06 3.0285e-07 7.7487e-07
7.6645e+02 3.9114e-01 2.9733e+00 1.6031e-07 3.2003e-06 1.0965e-06 2.9819e-07 7.6367e-07
7.6807e+02 3.9032e-01 2.9348e+00 1.5763e-07 3.1480e-06 1.0804e-06 2.9355e-07 7.5221e-07
7.6968e+02 3.8950e-01 2.8966e+00 1.5498e-07 3.0964e-06 1.0644e-06 2.8897e-07 7.4085e-07
7.7130e+02 3.8868e-01 2.8587e+00 1.5237e-07 3.0455e-06 1.0492e-06 2.8447e-07 7.2994e-07
7.7292e+02 3.8787e-01 2.8209e+00 1.4978e-07 2.9952e-06 1.0341e-06 2.8001e-07 7.1919e-07
7.7453e+02 3.8706e-01 2.7835e+00 1.4723e-07 2.9454e-06 1.0186e-06 2.7557e-07 7.0820e-07
7.7615e+02 3.8626e-01 2.7462e+00 1.4471e-07 2.8961e-06 1.0032e-06 2.7118e-07 6.9724e-07
7.7777e+02 3.8545e-01 2.7093e+00 1.4222e-07 2.8477e-06 9.8844e-07 2.6687e-07 6.8671e-07
7.7939e+02 3.8465e-01 2.6725e+00 1.3977e-07 2.7998e-06 9.7396e-07 2.6261e-07 6.7640e-07
7.8100e+02 3.8386e-01 2.6361e+00 1.3734e-07 2.7523e-06 9.5915e-07 2.5836e-07 6.6589e-07
7.8262e+02 3.8306e-01 2.5999e+00 1.3495e-07 2.7054e-06 9.4429e-07 2.5417e-07 6.5535e-07
7.8424e+02 3.8227e-01 2.5639e+00 1.3259e-07 2.6593e-06 9.3002e-07 2.5004e-07 6.4519e-07
7.8585e+02 3.8149e-01 2.5283e+00 1.3026e-07 2.6137e-06 9.1613e-07 2.4597e-07 6.3532e-07
7.8747e+02 3.8070e-01 2.4929e+00 1.2795e-07 2.5686e-06 9.0197e-07 2.4193e-07 6.2528e-07
7.8909e+02 3.7992e-01 2.4578e+00 1.2568e-07 2.5240e-06 8.8768e-07 2.3792e-07 6.1516e-07
7.9070e+02 3.7915e-01 2.4229e+00 1.2344e-07 2.4802e-06 8.7391e-07 2.3399e-07 6.0539e-07
7.9232e+02 3.7837e-01 2.3884e+00 1.2123e-07 2.4369e-06 8.6060e-07 2.3011e-07 5.9593e-07
7.9394e+02 3.7760e-01 2.3541e+00 1.1905e-07 2.3941e-06 8.4708e-07 2.2626e-07 5.8637e-07
7.9556e+02 3.7683e-01 2.3201e+00 1.1690e-07 2.3518e-06 8.3338e-07 2.2244e-07 5.7668e-07
7.9717e+02 3.7607e-01 2.2863e+00 1.1478e-07 2.3101e-06 8.2011e-07 2.1868e-07 5.6729e-07
7.9879e+02 3.7531e-01 2.2529e+00 1.1269e-07 2.2692e-06 8.0736e-07 2.1499e-07 5.5824e-07
8.0041e+02 3.7455e-01 2.2198e+00 1.1062e-07 2.2286e-06 7.9449e-07 2.1133e-07 5.4915e-07
8.0202e+02 3.7380e-01 2.1869e+00 1.0859e-07 2.1885e-06 7.8138e-07 2.0770e-07 5.3990e-07
8.0364e+02 3.7304e-01 2.1544e+00 1.0658e-07 2.1490e-06 7.6863e-07 2.0413e-07 5.3088e-07
8.0526e+02 3.7229e-01 2.1221e+00 1.0461e-07 2.1102e-06 7.5642e-07 2.0062e-07 5.2224e-07
8.0687e+02 3.7155e-01 2.0901e+00 1.0266e-07 2.0719e-06 7.4418e-07 1.9714e-07 5.1360e-07
8.0849e+02 3.7080e-01 2.0584e+00 1.0074e-07 2.0339e-06 7.3167e-07 1.9369e-07 5.0479e-07
8.1011e+02 3.7006e-01 2.0270e+00 9.8846e-08 1.9966e-06 7.1944e-07 1.9030e-07 4.9616e-07
8.1173e+02 3.6933e-01 1.9960e+00 9.6982e-08 1.9599e-06 7.0776e-07 1.8697e-07 4.8791e-07
8.1334e+02 3.6859e-01 1.9652e+00 9.5145e-08 1.9237e-06 6.9613e-07 1.8367e-07 4.7971e-07
8.1496e+02 3.6786e-01 1.9347e+00 9.3334e-08 1.8878e-06 6.8423e-07 1.8040e-07 4.7134e-07
8.1658e+02 3.6713e-01 1.9045e+00 9.1550e-08 1.8526e-06 6.7251e-07 1.7718e-07 4.6310e-07
8.1819e+02 3.6641e-01 1.8746e+00 8.9794e-08 1.8179e-06 6.6135e-07 1.7403e-07 4.5522e-07
8.1981e+02 3.6569e-01 1.8450e+00 8.8065e-08 1.7838e-06 6.5031e-07 1.7091e-07 4.4746e-07
8.2143e+02 3.6497e-01 1.8158e+00 8.6360e-08 1.7500e-06 6.3902e-07 1.6781e-07 4.3953e-07
8.2304e+02 3.6425e-01 1.7868e+00 8.4682e-08 1.7167e-06 6.2783e-07 1.6476e-07 4.3167e-07
8.2466e+02 3.6353e-01 1.7581e+00 8.3031e-08 1.6841e-06 6.1716e-07 1.6177e-07 4.2416e-07
8.2628e+02 3.6282e-01 1.7298e+00 8.1405e-08 1.6519e-06 6.0671e-07 1.5883e-07 4.1681e-07
8.2790e+02 3.6211e-01 1.7017e+00 7.9804e-08 1.6201e-06 5.9601e-07 1.5590e-07 4.0931e-07
8.2951e+02 3.6141e-01 1.6739e+00 7.8227e-08 1.5888e-06 5.8534e-07 1.5302e-07 4.0184e-07
8.3113e+02 3.6071e-01 1.6465e+00 7.6677e-08 1.5581e-06 5.7517e-07 1.5019e-07 3.9469e-07
8.3275e+02 3.6000e-01 1.6193e+00 7.5151e-08 1.5278e-06 5.6526e-07 1.4741e-07 3.8773e-07
8.3436e+02 3.5931e-01 1.5925e+00 7.3648e-08 1.4979e-06 5.5516e-07 1.4466e-07 3.8067e-07
8.3598e+02 3.5861e-01 1.5659e+00 7.2170e-08 1.4685e-06 5.4502e-07 1.4193e-07 3.7357e-07
8.3760e+02 3.5792e-01 1.5397e+00 7.0716e-08 1.4396e-06 5.3532e-07 1.3927e-07 3.6677e-07
8.3921e+02 3.5723e-01 1.5138e+00 6.9286e-08 1.4112e-06 5.2595e-07 1.3665e-07 3.6020e-07
8.4083e+02 3.5654e-01 1.4881e+00 6.7879e-08 1.3832e-06 5.1643e-07 1.3405e-07 3.5355e-07
8.4245e+02 3.5586e-01 1.4628e+00 6.6494e-08 1.3555e-06 5.0681e-07 1.3148e-07 3.4684e-07
8.4406e+02 3.5518e-01 1.4378e+00 6.5133e-08 1.3284e-06 4.9757e-07 1.2897e-07 3.4038e-07
8.4568e+02 3.5450e-01 1.4130e+00 6.3795e-08 1.3018e-06 4.8871e-07 1.2650e-07 3.3417e-07
8.4730e+02 3.5382e-01 1.3886e+00 6.2479e-08 1.2756e-06 4.7975e-07 1.2406e-07 3.2792e-07
8.4892e+02 3.5315e-01 1.3645e+00 6.1184e-08 1.2497e-06 4.7066e-07 1.2165e-07 3.2159e-07
8.5053e+02 3.5248e-01 1.3406e+00 5.9912e-08 1.2243e-06 4.6188e-07 1.1928e-07 3.1546e-07
8.5215e+02 3.5181e-01 1.3171e+00 5.8662e-08 1.1994e-06 4.5350e-07 1.1696e-07 3.0960e-07
8.5377e+02 3.5114e-01 1.2938e+00 5.7433e-08 1.1748e-06 4.4509e-07 1.1467e-07 3.0374e-07
8.5538e+02 3.5048e-01 1.2709e+00 5.6224e-08 1.1506e-06 4.3651e-07 1.1240e-07 2.9778e-07
8.5700e+02 3.4982e-01 1.2482e+00 5.5037e-08 1.1268e-06 4.2818e-07 1.1018e-07 2.9197e-07
8.5862e+02 3.4916e-01 1.2259e+00 5.3871e-08 1.1035e-06 4.2026e-07 1.0800e-07 2.8645e-07
8.6023e+02 3.4850e-01 1.2038e+00 5.2725e-08 1.0806e-06 4.1237e-07 1.0586e-07 2.8096e-07
8.6185e+02 3.4785e-01 1.1820e+00 5.1599e-08 1.0579e-06 4.0430e-07 1.0373e-07 2.7536e-07
8.6347e+02 3.4720e-01 1.1606e+00 5.0492e-08 1.0357e-06 3.9641e-07 1.0164e-07 2.6988e-07
8.6509e+02 3.4655e-01 1.1394e+00 4.9406e-08 1.0140e-06 3.8894e-07 9.9604e-08 2.6467e-07
8.6670e+02 3.4590e-01 1.1184e+00 4.8339e-08 9.9262e-07 3.8154e-07 9.7593e-08 2.5953e-07
8.6832e+02 3.4526e-01 1.0978e+00 4.7291e-08 9.7151e-07 3.7397e-07 9.5601e-08 2.5429e-07
8.6994e+02 3.4461e-01 1.0775e+00 4.6262e-08 9.5081e-07 3.6652e-07 9.3646e-08 2.4912e-07
8.7155e+02 3.4397e-01 1.0574e+00 4.5252e-08 9.3055e-07 3.5946e-07 9.1738e-08 2.4422e-07
8.7317e+02 3.4334e-01 1.0376e+00 4.4260e-08 9.1063e-07 3.5254e-07 8.9859e-08 2.3942e-07
8.7479e+02 3.4270e-01 1.0181e+00 4.3286e-08 8.9098e-07 3.4546e-07 8.7998e-08 2.3452e-07
8.7640e+02 3.4207e-01 9.9889e-01 4.2330e-08 8.7170e-07 3.3843e-07 8.6169e-08 2.2965e-07
8.7802e+02 3.4144e-01 9.7993e-01 4.1392e-08 8.5284e-07 3.3178e-07 8.4385e-08 2.2504e-07
8.7964e+02 3.4081e-01 9.6125e-01 4.0471e-08 8.3432e-07 3.2531e-07 8.2632e-08 2.2055e-07
8.8126e+02 3.4019e-01 9.4284e-01 3.9568e-08 8.1606e-07 3.1869e-07 8.0896e-08 2.1599e-07
8.8287e+02 3.3956e-01 9.2470e-01 3.8681e-08 7.9813e-07 3.1208e-07 7.9187e-08 2.1142e-07
8.8449e+02 3.3894e-01 9.0682e-01 3.7811e-08 7.8060e-07 3.0581e-07 7.7522e-08 2.0708e-07
8.8611e+02 3.3833e-01 8.8921e-01 3.6958e-08 7.6341e-07 2.9977e-07 7.5888e-08 2.0290e-07
8.8772e+02 3.3771e-01 8.7187e-01 3.6121e-08 7.4646e-07 2.9360e-07 7.4271e-08 1.9865e-07
8.8934e+02 3.3710e-01 8.5478e-01 3.5299e-08 7.2981e-07 2.8740e-07 7.2678e-08 1.9438e-07
8.9096e+02 3.3648e-01 8.3796e-01 3.4494e-08 7.1354e-07 2.8150e-07 7.1125e-08 1.9030e-07
8.9257e+02 3.3587e-01 8.2139e-01 3.3705e-08 6.9761e-07 2.7586e-07 6.9605e-08 1.8640e-07
8.9419e+02 3.3527e-01 8.0507e-01 3.2931e-08 6.8190e-07 2.7013e-07 6.8101e-08 1.8246e-07
8.9581e+02 3.3466e-01 7.8901e-01 3.2171e-08 6.6647e-07 2.6432e-07 6.6618e-08 1.7847e-07
8.9743e+02 3.3406e-01 7.7320e-01 3.1427e-08 6.5139e-07 2.5878e-07 6.5172e-08 1.7465e-07
8.9904e+02 3.3346e-01 7.5764e-01 3.0698e-08 6.3664e-07 2.5351e-07 6.3759e-08 1.7101e-07
9.0066e+02 3.3286e-01 7.4232e-01 2.9982e-08 6.2212e-07 2.4819e-07 6.2362e-08 1.6736e-07
9.0228e+02 3.3226e-01 7.2725e-01 2.9281e-08 6.0783e-07 2.4278e-07 6.0984e-08 1.6365e-07
9.0389e+02 3.3167e-01 7.1242e-01 2.8594e-08 5.9388e-07 2.3757e-07 5.9640e-08 1.6006e-07
9.0551e+02 3.3108e-01 6.9782e-01 2.7921e-08 5.8024e-07 2.3265e-07 5.8328e-08 1.5668e-07
9.0713e+02 3.3049e-01 6.8347e-01 2.7262e-08 5.6682e-07 2.2773e-07 5.7034e-08 1.5330e-07
9.0874e+02 3.2990e-01 6.6935e-01 2.6615e-08 5.5363e-07 2.2269e-07 5.5755e-08 1.4985e-07
9.1036e+02 3.2931e-01 6.5546e-01 2.5982e-08 5.4073e-07 2.1781e-07 5.4506e-08 1.4650e-07
9.1198e+02 3.2873e-01 6.4180e-01 2.5363e-08 5.2814e-07 2.1322e-07 5.3291e-08 1.4335e-07
9.1360e+02 3.2815e-01 6.2838e-01 2.4755e-08 5.1577e-07 2.0867e-07 5.2093e-08 1.4023e-07
9.1521e+02 3.2757e-01 6.1517e-01 2.4160e-08 5.0359e-07 2.0399e-07 5.0908e-08 1.3703e-07
9.1683e+02 3.2699e-01 6.0219e-01 2.3578e-08 4.9169e-07 1.9943e-07 4.9751e-08 1.3391e-07
9.1845e+02 3.2641e-01 5.8943e-01 2.3008e-08 4.8008e-07 1.9515e-07 4.8625e-08 1.3097e-07
9.2006e+02 3.2584e-01 5.7689e-01 2.2449e-08 4.6869e-07 1.9094e-07 4.7518e-08 1.2809e-07
9.2168e+02 3.2527e-01 5.6456e-01 2.1902e-08 4.5748e-07 1.8661e-07 4.6423e-08 1.2514e-07
9.2330e+02 3.2470e-01 5.5245e-01 2.1367e-08 4.4651e-07 1.8235e-07 4.5351e-08 1.2223e-07
9.2491e+02 3.2413e-01 5.4055e-01 2.0843e-08 4.3583e-07 1.7836e-07 4.4310e-08 1.1950e-07
9.2653e+02 3.2356e-01 5.2885e-01 2.0331e-08 4.2535e-07 1.7448e-07 4.3289e-08 1.1684e-07
9.2815e+02 3.2300e-01 5.1737e-01 1.9829e-08 4.1504e-07 1.7049e-07 4.2278e-08 1.1413e-07
9.2976e+02 3.2244e-01 5.0608e-01 1.9338e-08 4.0495e-07 1.6652e-07 4.1287e-08 1.1142e-07
9.3138e+02 3.2188e-01 4.9500e-01 1.8858e-08 3.9513e-07 1.6280e-07 4.0326e-08 1.0888e-07
9.3300e+02 3.2132e-01 4.8412e-01 1.8388e-08 3.8551e-07 1.5922e-07 3.9384e-08 1.0644e-07
9.3462e+02 3.2077e-01 4.7343e-01 1.7928e-08 3.7605e-07 1.5554e-07 3.8452e-08 1.0394e-07
9.3623e+02 3.2021e-01 4.6294e-01 1.7478e-08 3.6678e-07 1.5186e-07 3.7538e-08 1.0144e-07
9.3785e+02 3.1966e-01 4.5264e-01 1.7038e-08 3.5776e-07 1.4839e-07 3.6651e-08 9.9072e-08
9.3947e+02 3.1911e-01 4.4253e-01 1.6608e-08 3.4894e-07 1.4509e-07 3.5785e-08 9.6822e-08
9.4108e+02 3.1856e-01 4.3260e-01 1.6188e-08 3.4026e-07 1.4172e-07 3.4928e-08 9.4533e-08
9.4270e+02 3.1801e-01 4.2286e-01 1.5776e-08 3.3176e-07 1.3830e-07 3.4086e-08 9.2219e-08
9.4432e+02 3.1747e-01 4.1331e-01 1.5374e-08 3.2349e-07 1.3508e-07 3.3269e-08 9.0025e-08
9.4593e+02 3.1693e-01 4.0393e-01 1.4981e-08 3.1542e-07 1.3203e-07 3.2472e-08 8.7953e-08
9.4755e+02 3.1639e-01 3.9472e-01 1.4597e-08 3.0748e-07 1.2894e-07 3.1685e-08 8.5859e-08
9.4917e+02 3.1585e-01 3.8570e-01 1.4221e-08 2.9970e-07 1.2579e-07 3.0910e-08 8.3726e-08
9.5079e+02 3.1531e-01 3.7684e-01 1.3854e-08 2.9212e-07 1.2279e-07 3.0159e-08 8.1692e-08
9.5240e+02 3.1477e-01 3.6816e-01 1.3495e-08 2.8474e-07 1.1999e-07 2.9427e-08 7.9785e-08
9.5402e+02 3.1424e-01 3.5964e-01 1.3144e-08 2.7749e-07 1.1716e-07 2.8706e-08 7.7873e-08
9.5564e+02 3.1371e-01 3.5129e-01 1.2802e-08 2.7037e-07 1.1426e-07 2.7994e-08 7.5914e-08
9.5725e+02 3.1318e-01 3.4310e-01 1.2467e-08 2.6345e-07 1.1147e-07 2.7304e-08 7.4030e-08
9.5887e+02 3.1265e-01 3.3507e-01 1.2140e-08 2.5671e-07 1.0889e-07 2.6633e-08 7.2275e-08
9.6049e+02 3.1213e-01 3.2720e-01 1.1821e-08 2.5009e-07 1.0631e-07 2.5973e-08 7.0532e-08
9.6210e+02 3.1160e-01 3.1949e-01 1.1509e-08 2.4360e-07 1.0364e-07 2.5321e-08 6.8737e-08
9.6372e+02 3.1108e-01 3.1193e-01 1.1204e-08 2.3727e-07 1.0106e-07 2.4686e-08 6.6996e-08
9.6534e+02 3.1056e-01 3.0452e-01 1.0907e-08 2.3112e-07 9.8678e-08 2.4072e-08 6.5380e-08
9.6696e+02 3.1004e-01 2.9726e-01 1.0616e-08 2.2510e-07 9.6325e-08 2.3469e-08 6.3793e-08
9.6857e+02 3.0952e-01 2.9015e-01 1.0333e-08 2.1918e-07 9.3887e-08 2.2872e-08 6.2155e-08
9.7019e+02 3.0900e-01 2.8318e-01 1.0056e-08 2.1341e-07 9.1504e-08 2.2291e-08 6.0549e-08
9.7181e+02 3.0849e-01 2.7635e-01 9.7855e-09 2.0781e-07 8.9303e-08 2.1729e-08 5.9062e-08
9.7342e+02 3.0798e-01 2.6967e-01 9.5218e-09 2.0234e-07 8.7160e-08 2.1178e-08 5.7618e-08
9.7504e+02 3.0747e-01 2.6312e-01 9.2641e-09 1.9695e-07 8.4936e-08 2.0633e-08 5.6126e-08
9.7666e+02 3.0696e-01 2.5671e-01 9.0127e-09 1.9170e-07 8.2737e-08 2.0102e-08 5.4649e-08
9.7827e+02 3.0645e-01 2.5043e-01 8.7677e-09 1.8661e-07 8.0708e-08 1.9588e-08 5.3280e-08
9.7989e+02 3.0594e-01 2.4428e-01 8.5286e-09 1.8163e-07 7.8757e-08 1.9086e-08 5.1967e-08
9.8151e+02 3.0544e-01 2.3827e-01 8.2950e-09 1.7674e-07 7.6734e-08 1.8589e-08 5.0613e-08
9.8313e+02 3.0494e-01 2.3238e-01 8.0672e-09 1.7197e-07 7.4711e-08 1.8104e-08 4.9257e-08
9.8474e+02 3.0444e-01 2.2661e-01 7.8452e-09 1.6734e-07 7.2840e-08 1.7635e-08 4.7998e-08
9.8636e+02 3.0394e-01 2.2097e-01 7.6287e-09 1.6283e-07 7.1064e-08 1.7178e-08 4.6805e-08
9.8798e+02 3.0344e-01 2.1545e-01 7.4173e-09 1.5840e-07 6.9229e-08 1.6726e-08 4.5579e-08
9.8959e+02 3.0295e-01 2.1005e-01 7.2112e-09 1.5406e-07 6.7374e-08 1.6283e-08 4.4338e-08
9.9121e+02 3.0245e-01 2.0476e-01 7.0104e-09 1.4987e-07 6.5650e-08 1.5856e-08 4.3180e-08
9.9283e+02 3.0196e-01 1.9959e-01 6.8146e-09 1.4578e-07 6.4033e-08 1.5440e-08 4.2096e-08
9.9444e+02 3.0147e-01 1.9453e-01 6.6236e-09 1.4177e-07 6.2373e-08 1.5030e-08 4.0988e-08
9.9606e+02 3.0098e-01 1.8959e-01 6.4373e-09 1.3784e-07 6.0676e-08 1.4626e-08 3.9856e-08
9.9768e+02 3.0049e-01 1.8475e-01 6.2559e-09 1.3404e-07 5.9088e-08 1.4237e-08 3.8793e-08
9.9930e+02 3.0000e-01 1.8002e-01 6.0792e-09 1.3034e-07 5.7617e-08 1.3860e-08 3.7807e-08
1.0009e+03 2.9952e-01 1.7539e-01 5.9068e-09 1.2671e-07 5.6119e-08 1.3487e-08 3.6809e-08
1.0025e+03 2.9904e-01 1.7087e-01 5.7387e-09 1.2316e-07 5.4572e-08 1.3121e-08 3.5780e-08
1.0041e+03 2.9855e-01 1.6645e-01 5.5751e-09 1.1972e-07 5.3111e-08 1.2767e-08 3.4803e-08
1.0058e+03 2.9807e-01 1.6213e-01 5.4159e-09 1.1638e-07 5.1771e-08 1.2425e-08 3.3907e-08
1.0074e+03 2.9760e-01 1.5791e-01 5.2606e-09 1.1311e-07 5.0421e-08 1.2087e-08 3.3010e-08
1.0090e+03 2.9712e-01 1.5378e-01 5.1091e-09 1.0990e-07 4.9016e-08 1.1755e-08 3.2077e-08
1.0106e+03 2.9664e-01 1.4975e-01 4.9617e-09 1.0679e-07 4.7674e-08 1.1433e-08 3.1182e-08
1.0122e+03 2.9617e-01 1.4581e-01 4.8184e-09 1.0378e-07 4.6453e-08 1.1123e-08 3.0366e-08
1.0138e+03 2.9570e-01 1.4196e-01 4.6787e-09 1.0083e-07 4.5239e-08 1.0818e-08 2.9561e-08
1.0155e+03 2.9523e-01 1.3821e-01 4.5424e-09 9.7934e-08 4.3967e-08 1.0517e-08 2.8718e-08
1.0171e+03 2.9476e-01 1.3453e-01 4.4099e-09 9.5127e-08 4.2736e-08 1.0226e-08 2.7900e-08
1.0187e+03 2.9429e-01 1.3095e-01 4.2810e-09 9.2414e-08 4.1622e-08 9.9451e-09 2.7157e-08
1.0203e+03 2.9382e-01 1.2744e-01 4.1555e-09 8.9761e-08 4.0532e-08 9.6699e-09 2.6434e-08
1.0219e+03 2.9336e-01 1.2402e-01 4.0332e-09 8.7156e-08 3.9384e-08 9.3976e-09 2.5676e-08
1.0235e+03 2.9289e-01 1.2069e-01 3.9141e-09 8.4627e-08 3.8259e-08 9.1334e-09 2.4930e-08
1.0252e+03 2.9243e-01 1.1743e-01 3.7985e-09 8.2185e-08 3.7242e-08 8.8798e-09 2.4253e-08
1.0268e+03 2.9197e-01 1.1424e-01 3.6859e-09 7.9802e-08 3.6264e-08 8.6317e-09 2.3605e-08
1.0284e+03 2.9151e-01 1.1114e-01 3.5762e-09 7.7461e-08 3.5232e-08 8.3861e-09 2.2925e-08
1.0300e+03 2.9106e-01 1.0811e-01 3.4694e-09 7.5185e-08 3.4205e-08 8.1471e-09 2.2246e-08
1.0316e+03 2.9060e-01 1.0515e-01 3.3658e-09 7.2991e-08 3.3277e-08 7.9180e-09 2.1629e-08
1.0333e+03 2.9014e-01 1.0226e-01 3.2649e-09 7.0853e-08 3.2399e-08 7.6947e-09 2.1049e-08
1.0349e+03 2.8969e-01 9.9446e-02 3.1667e-09 6.8753e-08 3.1475e-08 7.4735e-09 2.0441e-08
1.0365e+03 2.8924e-01 9.6699e-02 3.0711e-09 6.6708e-08 3.0540e-08 7.2577e-09 1.9825e-08
1.0381e+03 2.8879e-01 9.4019e-02 2.9783e-09 6.4738e-08 2.9692e-08 7.0510e-09 1.9263e-08
1.0397e+03 2.8834e-01 9.1405e-02 2.8881e-09 6.2823e-08 2.8904e-08 6.8503e-09 1.8742e-08
1.0413e+03 2.8789e-01 8.8856e-02 2.8003e-09 6.0942e-08 2.8080e-08 6.6515e-09 1.8201e-08
1.0430e+03 2.8745e-01 8.6370e-02 2.7148e-09 5.9108e-08 2.7232e-08 6.4568e-09 1.7644e-08
1.0446e+03 2.8700e-01 8.3946e-02 2.6319e-09 5.7341e-08 2.6458e-08 6.2705e-09 1.7131e-08
1.0462e+03 2.8656e-01 8.1583e-02 2.5513e-09 5.5629e-08 2.5750e-08 6.0904e-09 1.6664e-08
1.0478e+03 2.8611e-01 7.9279e-02 2.4729e-09 5.3947e-08 2.5016e-08 5.9120e-09 1.6183e-08
1.0494e+03 2.8567e-01 7.7033e-02 2.3966e-09 5.2303e-08 2.4250e-08 5.7368e-09 1.5682e-08
1.0510e+03 2.8523e-01 7.4844e-02 2.3226e-09 5.0721e-08 2.3543e-08 5.5690e-09 1.5215e-08
1.0527e+03 2.8480e-01 7.2711e-02 2.2508e-09 4.9191e-08 2.2907e-08 5.4074e-09 1.4795e-08
1.0543e+03 2.8436e-01 7.0632e-02 2.1809e-09 4.7690e-08 2.2255e-08 5.2477e-09 1.4369e-08
1.0559e+03 2.8392e-01 6.8606e-02 2.1128e-09 4.6221e-08 2.1567e-08 5.0903e-09 1.3919e-08
1.0575e+03 2.8349e-01 6.6633e-02 2.0469e-09 4.4805e-08 2.0922e-08 4.9394e-09 1.3495e-08
1.0591e+03 2.8306e-01 6.4710e-02 1.9829e-09 4.3440e-08 2.0349e-08 4.7947e-09 1.3117e-08
1.0607e+03 2.8263e-01 6.2837e-02 1.9207e-09 4.2103e-08 1.9771e-08 4.6519e-09 1.2740e-08
1.0624e+03 2.8220e-01 6.1013e-02 1.8602e-09 4.0791e-08 1.9154e-08 4.5108e-09 1.2338e-08
1.0640e+03 2.8177e-01 5.9237e-02 1.8015e-09 3.9527e-08 1.8567e-08 4.3752e-09 1.1953e-08
1.0656e+03 2.8134e-01 5.7506e-02 1.7446e-09 3.8310e-08 1.8050e-08 4.2456e-09 1.1613e-08
1.0672e+03 2.8091e-01 5.5822e-02 1.6893e-09 3.7120e-08 1.7540e-08 4.1182e-09 1.1279e-08
1.0688e+03 2.8049e-01 5.4182e-02 1.6355e-09 3.5951e-08 1.6989e-08 3.9919e-09 1.0922e-08
1.0704e+03 2.8006e-01 5.2585e-02 1.5833e-09 3.4823e-08 1.6456e-08 3.8702e-09 1.0573e-08
1.0721e+03 2.7964e-01 5.1031e-02 1.5328e-09 3.3740e-08 1.5989e-08 3.7543e-09 1.0266e-08
1.0737e+03 2.7922e-01 4.9518e-02 1.4837e-09 3.2683e-08 1.5537e-08 3.6408e-09 9.9720e-09
1.0753e+03 2.7880e-01 4.8046e-02 1.4360e-09 3.1643e-08 1.5049e-08 3.5280e-09 9.6552e-09
1.0769e+03 2.7838e-01 4.6613e-02 1.3897e-09 3.0638e-08 1.4565e-08 3.4190e-09 9.3398e-09
1.0785e+03 2.7796e-01 4.5219e-02 1.3449e-09 2.9675e-08 1.4142e-08 3.3154e-09 9.0626e-09
1.0801e+03 2.7755e-01 4.3863e-02 1.3014e-09 2.8737e-08 1.3744e-08 3.2144e-09 8.8031e-09
1.0818e+03 2.7713e-01 4.2543e-02 1.2591e-09 2.7814e-08 1.3312e-08 3.1139e-09 8.5237e-09
1.0834e+03 2.7672e-01 4.1260e-02 1.2181e-09 2.6920e-08 1.2875e-08 3.0164e-09 8.2397e-09
1.0850e+03 2.7631e-01 4.0011e-02 1.1784e-09 2.6064e-08 1.2492e-08 2.9239e-09 7.9890e-09
1.0866e+03 2.7590e-01 3.8797e-02 1.1399e-09 2.5234e-08 1.2140e-08 2.8341e-09 7.7599e-09
1.0882e+03 2.7549e-01 3.7616e-02 1.1025e-09 2.4416e-08 1.1759e-08 2.7448e-09 7.5145e-09
1.0898e+03 2.7508e-01 3.6468e-02 1.0662e-09 2.3622e-08 1.1366e-08 2.6577e-09 7.2597e-09
1.0915e+03 2.7467e-01 3.5352e-02 1.0312e-09 2.2862e-08 1.1018e-08 2.5751e-09 7.0328e-09
1.0931e+03 2.7426e-01 3.4267e-02 9.9716e-10 2.2127e-08 1.0707e-08 2.4955e-09 6.8302e-09
1.0947e+03 2.7386e-01 3.3212e-02 9.6411e-10 2.1404e-08 1.0373e-08 2.4162e-09 6.6155e-09
1.0963e+03 2.7345e-01 3.2187e-02 9.3205e-10 2.0699e-08 1.0021e-08 2.3385e-09 6.3879e-09
1.0979e+03 2.7305e-01 3.1190e-02 9.0106e-10 2.0026e-08 9.7054e-09 2.2649e-09 6.1824e-09
1.0995e+03 2.7265e-01 3.0222e-02 8.7107e-10 1.9377e-08 9.4293e-09 2.1943e-09 6.0030e-09
1.1012e+03 2.7225e-01 2.9281e-02 8.4192e-10 1.8739e-08 9.1379e-09 2.1241e-09 5.8157e-09
1.1028e+03 2.7185e-01 2.8367e-02 8.1364e-10 1.8115e-08 8.8233e-09 2.0549e-09 5.6134e-09
1.1044e+03 2.7145e-01 2.7479e-02 7.8631e-10 1.7518e-08 8.5373e-09 1.9894e-09 5.4275e-09
1.1060e+03 2.7106e-01 2.6616e-02 7.5988e-10 1.6946e-08 8.2919e-09 1.9268e-09 5.2681e-09
1.1076e+03 2.7066e-01 2.5778e-02 7.3422e-10 1.6383e-08 8.0382e-09 1.8648e-09 5.1054e-09
1.1092e+03 2.7027e-01 2.4964e-02 7.0931e-10 1.5831e-08 7.7590e-09 1.8034e-09 4.9264e-09
1.1109e+03 2.6987e-01 2.4174e-02 6.8524e-10 1.5304e-08 7.4997e-09 1.7450e-09 4.7584e-09
1.1125e+03 2.6948e-01 2.3406e-02 6.6199e-10 1.4799e-08 7.2810e-09 1.6897e-09 4.6164e-09
1.1141e+03 2.6909e-01 2.2661e-02 6.3942e-10 1.4304e-08 7.0606e-09 1.6349e-09 4.4752e-09
1.1157e+03 2.6870e-01 2.1938e-02 6.1751e-10 1.3818e-08 6.8141e-09 1.5805e-09 4.3177e-09
1.1173e+03 2.6831e-01 2.1236e-02 5.9635e-10 1.3351e-08 6.5795e-09 1.5286e-09 4.1663e-09
1.1190e+03 2.6792e-01 2.0554e-02 5.7591e-10 1.2907e-08 6.3839e-09 1.4797e-09 4.0393e-09
1.1206e+03 2.6754e-01 1.9893e-02 5.5610e-10 1.2472e-08 6.1928e-09 1.4315e-09 3.9170e-09
1.1222e+03 2.6715e-01 1.9251e-02 5.3686e-10 1.2044e-08 5.9765e-09 1.3834e-09 3.7793e-09
1.1238e+03 2.6677e-01 1.8628e-02 5.1828e-10 1.1632e-08 5.7648e-09 1.3373e-09 3.6431e-09
1.1254e+03 2.6638e-01 1.8023e-02 5.0035e-10 1.1241e-08 5.5892e-09 1.2940e-09 3.5292e-09
1.1270e+03 2.6600e-01 1.7437e-02 4.8298e-10 1.0860e-08 5.4236e-09 1.2516e-09 3.4233e-09
1.1287e+03 2.6562e-01 1.6868e-02 4.6611e-10 1.0484e-08 5.2349e-09 1.2092e-09 3.3035e-09
1.1303e+03 2.6524e-01 1.6316e-02 4.4981e-10 1.0121e-08 5.0444e-09 1.1683e-09 3.1814e-09
1.1319e+03 2.6486e-01 1.5781e-02 4.3411e-10 9.7771e-09 4.8863e-09 1.1301e-09 3.0791e-09
1.1335e+03 2.6448e-01 1.5262e-02 4.1890e-10 9.4433e-09 4.7428e-09 1.0929e-09 2.9873e-09
1.1351e+03 2.6411e-01 1.4759e-02 4.0414e-10 9.1132e-09 4.5791e-09 1.0556e-09 2.8837e-09
1.1367e+03 2.6373e-01 1.4271e-02 3.8986e-10 8.7941e-09 4.4085e-09 1.0194e-09 2.7748e-09
1.1384e+03 2.6336e-01 1.3798e-02 3.7612e-10 8.4921e-09 4.2657e-09 9.8555e-10 2.6826e-09
1.1400e+03 2.6298e-01 1.3340e-02 3.6283e-10 8.2003e-09 4.1411e-09 9.5297e-10 2.6028e-09
1.1416e+03 2.6261e-01 1.2895e-02 3.4992e-10 7.9114e-09 4.0000e-09 9.2020e-10 2.5138e-09
1.1432e+03 2.6224e-01 1.2464e-02 3.3744e-10 7.6310e-09 3.8479e-09 8.8820e-10 2.4171e-09
1.1448e+03 2.6187e-01 1.2047e-02 3.2543e-10 7.3660e-09 3.7188e-09 8.5835e-10 2.3338e-09
1.1464e+03 2.6150e-01 1.1642e-02 3.1383e-10 7.1111e-09 3.6102e-09 8.2982e-10 2.2643e-09
1.1481e+03 2.6113e-01 1.1250e-02 3.0257e-10 6.8589e-09 3.4892e-09 8.0113e-10 2.1881e-09
1.1497e+03 2.6076e-01 1.0871e-02 2.9167e-10 6.6129e-09 3.3544e-09 7.7290e-10 2.1028e-09
1.1513e+03 2.6040e-01 1.0503e-02 2.8119e-10 6.3805e-09 3.2375e-09 7.4655e-10 2.0277e-09
1.1529e+03 2.6003e-01 1.0146e-02 2.7108e-10 6.1582e-09 3.1425e-09 7.2159e-10 1.9668e-09
1.1545e+03 2.5967e-01 9.8012e-03 2.6127e-10 5.9384e-09 3.0393e-09 6.9653e-10 1.9020e-09
1.1561e+03 2.5930e-01 9.4669e-03 2.5177e-10 5.7230e-09 2.9206e-09 6.7168e-10 1.8271e-09
1.1578e+03 2.5894e-01 9.1432e-03 2.4263e-10 5.5193e-09 2.8147e-09 6.4843e-10 1.7593e-09
1.1594e+03 2.5858e-01 8.8298e-03 2.3383e-10 5.3256e-09 2.7312e-09 6.2660e-10 1.7057e-09
1.1610e+03 2.5822e-01 8.5263e-03 2.2529e-10 5.1344e-09 2.6435e-09 6.0477e-10 1.6507e-09
1.1626e+03 2.5786e-01 8.2325e-03 2.1702e-10 4.9462e-09 2.5397e-09 5.8295e-10 1.5856e-09
1.1642e+03 2.5750e-01 7.9482e-03 2.0907e-10 4.7679e-09 2.4439e-09 5.6245e-10 1.5244e-09
1.1658e+03 2.5715e-01 7.6729e-03 2.0142e-10 4.5992e-09 2.3700e-09 5.4336e-10 1.4770e-09
1.1675e+03 2.5679e-01 7.4065e-03 1.9401e-10 4.4333e-09 2.2958e-09 5.2439e-10 1.4305e-09
1.1691e+03 2.5643e-01 7.1488e-03 1.8682e-10 4.2692e-09 2.2057e-09 5.0527e-10 1.3742e-09
1.1707e+03 2.5608e-01 6.8993e-03 1.7990e-10 4.1132e-09 2.1193e-09 4.8721e-10 1.3193e-09
1.1723e+03 2.5573e-01 6.6580e-03 1.7326e-10 3.9665e-09 2.0535e-09 4.7053e-10 1.2770e-09
1.1739e+03 2.5538e-01 6.4245e-03 1.6684e-10 3.8227e-09 1.9908e-09 4.5406e-10 1.2378e-09
1.1755e+03 2.5502e-01 6.1987e-03 1.6060e-10 3.6799e-09 1.9132e-09 4.3736e-10 1.1895e-09
1.1772e+03 2.5467e-01 5.9803e-03 1.5460e-10 3.5436e-09 1.8355e-09 4.2147e-10 1.1403e-09
1.1788e+03 2.5432e-01 5.7690e-03 1.4884e-10 3.4160e-09 1.7765e-09 4.0688e-10 1.1024e-09
1.1804e+03 2.5398e-01 5.5647e-03 1.4327e-10 3.2917e-09 1.7236e-09 3.9263e-10 1.0693e-09
1.1820e+03 2.5363e-01 5.3671e-03 1.3787e-10 3.1677e-09 1.6574e-09 3.7809e-10 1.0282e-09
1.1836e+03 2.5328e-01 5.1761e-03 1.3267e-10 3.0488e-09 1.5878e-09 3.6412e-10 9.8443e-10
1.1852e+03 2.5294e-01 4.9915e-03 1.2768e-10 2.9379e-09 1.5346e-09 3.5136e-10 9.5031e-10
1.1869e+03 2.5259e-01 4.8130e-03 1.2287e-10 2.8305e-09 1.4898e-09 3.3903e-10 9.2220e-10
1.1885e+03 2.5225e-01 4.6404e-03 1.1820e-10 2.7232e-09 1.4338e-09 3.2641e-10 8.8763e-10
1.1901e+03 2.5191e-01 4.4737e-03 1.1370e-10 2.6196e-09 1.3719e-09 3.1415e-10 8.4885e-10
1.1917e+03 2.5156e-01 4.3125e-03 1.0938e-10 2.5232e-09 1.3237e-09 3.0299e-10 8.1800e-10
1.1933e+03 2.5122e-01 4.1568e-03 1.0523e-10 2.4306e-09 1.2857e-09 2.9234e-10 7.9405e-10
1.1950e+03 2.5088e-01 4.0063e-03 1.0119e-10 2.3379e-09 1.2387e-09 2.8142e-10 7.6518e-10
1.1966e+03 2.5054e-01 3.8609e-03 9.7302e-11 2.2478e-09 1.1840e-09 2.7068e-10 7.3110e-10
1.1982e+03 2.5021e-01 3.7205e-03 9.3577e-11 2.1641e-09 1.1402e-09 2.6092e-10 7.0313e-10
1.1998e+03 2.4987e-01 3.5848e-03 8.9995e-11 2.0843e-09 1.1077e-09 2.5173e-10 6.8258e-10
1.2014e+03 2.4953e-01 3.4538e-03 8.6518e-11 2.0044e-09 1.0686e-09 2.4231e-10 6.5866e-10
1.2030e+03 2.4920e-01 3.3273e-03 8.3159e-11 1.9262e-09 1.0207e-09 2.3293e-10 6.2897e-10
1.2047e+03 2.4886e-01 3.2051e-03 7.9945e-11 1.8535e-09 9.8080e-10 2.2438e-10 6.0358e-10
1.2063e+03 2.4853e-01 3.0872e-03 7.6861e-11 1.7849e-09 9.5269e-10 2.1645e-10 5.8577e-10
1.2079e+03 2.4820e-01 2.9733e-03 7.3869e-11 1.7162e-09 9.2050e-10 2.0835e-10 5.6611e-10
1.2095e+03 2.4786e-01 2.8633e-03 7.0974e-11 1.6484e-09 8.7892e-10 2.0017e-10 5.4048e-10
1.2111e+03 2.4753e-01 2.7572e-03 6.8205e-11 1.5853e-09 8.4259e-10 1.9269e-10 5.1746e-10
1.2127e+03 2.4720e-01 2.6547e-03 6.5553e-11 1.5263e-09 8.1803e-10 1.8585e-10 5.0185e-10
1.2144e+03 2.4687e-01 2.5558e-03 6.2982e-11 1.4674e-09 7.9171e-10 1.7890e-10 4.8579e-10
1.2160e+03 2.4655e-01 2.4604e-03 6.0492e-11 1.4088e-09 7.5596e-10 1.7180e-10 4.6390e-10
1.2176e+03 2.4622e-01 2.3684e-03 5.8109e-11 1.3541e-09 7.2297e-10 1.6526e-10 4.4309e-10
1.2192e+03 2.4589e-01 2.2795e-03 5.5831e-11 1.3033e-09 7.0123e-10 1.5935e-10 4.2923e-10
1.2208e+03 2.4557e-01 2.1939e-03 5.3626e-11 1.2530e-09 6.7984e-10 1.5341e-10 4.1619e-10
1.2224e+03 2.4524e-01 2.1112e-03 5.1488e-11 1.2025e-09 6.4945e-10 1.4726e-10 3.9770e-10
1.2241e+03 2.4492e-01 2.0315e-03 4.9440e-11 1.1550e-09 6.1960e-10 1.4153e-10 3.7898e-10
1.2257e+03 2.4459e-01 1.9546e-03 4.7486e-11 1.1114e-09 6.0012e-10 1.3643e-10 3.6653e-10
1.2273e+03 2.4427e-01 1.8804e-03 4.5597e-11 1.0685e-09 5.8279e-10 1.3137e-10 3.5595e-10
1.2289e+03 2.4395e-01 1.8089e-03 4.3764e-11 1.0250e-09 5.5729e-10 1.2607e-10 3.4053e-10
1.2305e+03 2.4363e-01 1.7400e-03 4.2006e-11 9.8389e-10 5.3043e-10 1.2106e-10 3.2378e-10
1.2321e+03 2.4331e-01 1.6735e-03 4.0332e-11 9.4639e-10 5.1277e-10 1.1664e-10 3.1248e-10
1.2338e+03 2.4299e-01 1.6094e-03 3.8717e-11 9.0982e-10 4.9874e-10 1.1233e-10 3.0389e-10
1.2354e+03 2.4267e-01 1.5477e-03 3.7148e-11 8.7257e-10 4.7761e-10 1.0778e-10 2.9120e-10
1.2370e+03 2.4236e-01 1.4882e-03 3.5641e-11 8.3699e-10 4.5362e-10 1.0341e-10 2.7634e-10
1.2386e+03 2.4204e-01 1.4308e-03 3.4208e-11 8.0474e-10 4.3744e-10 9.9579e-11 2.6600e-10
1.2402e+03 2.4172e-01 1.3755e-03 3.2830e-11 7.7365e-10 4.2603e-10 9.5918e-11 2.5897e-10
1.2418e+03 2.4141e-01 1.3223e-03 3.1489e-11 7.4182e-10 4.0879e-10 9.2023e-11 2.4869e-10
1.2435e+03 2.4110e-01 1.2709e-03 3.0199e-11 7.1108e-10 3.8755e-10 8.8213e-11 2.3562e-10
1.2451e+03 2.4078e-01 1.2215e-03 2.8974e-11 6.8333e-10 3.7263e-10 8.4892e-11 2.2611e-10
1.2467e+03 2.4047e-01 1.1739e-03 2.7799e-11 6.5693e-10 3.6325e-10 8.1784e-11 2.2028e-10
1.2483e+03 2.4016e-01 1.1280e-03 2.6655e-11 6.2983e-10 3.4940e-10 7.8467e-11 2.1207e-10
1.2499e+03 2.3985e-01 1.0839e-03 2.5553e-11 6.0332e-10 3.3079e-10 7.5155e-11 2.0071e-10
1.2515e+03 2.3954e-01 1.0413e-03 2.4507e-11 5.7942e-10 3.1698e-10 7.2268e-11 1.9193e-10
1.2532e+03 2.3923e-01 1.0004e-03 2.3507e-11 5.5703e-10 3.0914e-10 6.9632e-11 1.8701e-10
1.2548e+03 2.3892e-01 9.6094e-04 2.2533e-11 5.3403e-10 2.9820e-10 6.6819e-11 1.8057e-10
1.2564e+03 2.3861e-01 9.2298e-04 2.1593e-11 5.1122e-10 2.8209e-10 6.3950e-11 1.7082e-10
1.2580e+03 2.3831e-01 8.8644e-04 2.0700e-11 4.9063e-10 2.6929e-10 6.1435e-11 1.6272e-10
1.2596e+03 2.3800e-01 8.5127e-04 1.9849e-11 4.7165e-10 2.6258e-10 5.9197e-11 1.5847e-10
1.2612e+03 2.3770e-01 8.1743e-04 1.9022e-11 4.5220e-10 2.5409e-10 5.6824e-11 1.5350e-10
1.2629e+03 2.3739e-01 7.8485e-04 1.8221e-11 4.3261e-10 2.4034e-10 5.4346e-11 1.4524e-10
1.2645e+03 2.3709e-01 7.5351e-04 1.7460e-11 4.1487e-10 2.2850e-10 5.2154e-11 1.3780e-10
1.2661e+03 2.3678e-01 7.2335e-04 1.6738e-11 3.9878e-10 2.2261e-10 5.0251e-11 1.3402e-10
1.2677e+03 2.3648e-01 6.9434e-04 1.6036e-11 3.8238e-10 2.1615e-10 4.8257e-11 1.3025e-10
1.2693e+03 2.3618e-01 6.6643e-04 1.5355e-11 3.6562e-10 2.0458e-10 4.6127e-11 1.2337e-10
1.2709e+03 2.3588e-01 6.3958e-04 1.4707e-11 3.5033e-10 1.9369e-10 4.4215e-11 1.1657e-10
1.2726e+03 2.3558e-01 6.1376e-04 1.4094e-11 3.3668e-10 1.8836e-10 4.2593e-11 1.1313e-10
1.2742e+03 2.3528e-01 5.8893e-04 1.3500e-11 3.2290e-10 1.8353e-10 4.0925e-11 1.1032e-10
1.2758e+03 2.3498e-01 5.6505e-04 1.2922e-11 3.0861e-10 1.7397e-10 3.9103e-11 1.0470e-10
1.2774e+03 2.3469e-01 5.4210e-04 1.2371e-11 2.9542e-10 1.6403e-10 3.7434e-11 9.8529e-11
1.2790e+03 2.3439e-01 5.2002e-04 1.1852e-11 2.8383e-10 1.5909e-10 3.6048e-11 9.5324e-11
1.2807e+03 2.3409e-01 4.9881e-04 1.1350e-11 2.7229e-10 1.5553e-10 3.4657e-11 9.3247e-11
1.2823e+03 2.3380e-01 4.7841e-04 1.0860e-11 2.6015e-10 1.4779e-10 3.3106e-11 8.8748e-11
1.2839e+03 2.3350e-01 4.5881e-04 1.0392e-11 2.4879e-10 1.3879e-10 3.1652e-11 8.3216e-11
1.2855e+03 2.3321e-01 4.3997e-04 9.9520e-12 2.3893e-10 1.3412e-10 3.0462e-11 8.0180e-11
1.2871e+03 2.3292e-01 4.2186e-04 9.5283e-12 2.2929e-10 1.3153e-10 2.9306e-11 7.8650e-11
1.2887e+03 2.3263e-01 4.0447e-04 9.1140e-12 2.1903e-10 1.2541e-10 2.7995e-11 7.5138e-11
1.2904e+03 2.3233e-01 3.8775e-04 8.7175e-12 2.0925e-10 1.1737e-10 2.6728e-11 7.0238e-11
1.2920e+03 2.3204e-01 3.7169e-04 8.3452e-12 2.0084e-10 1.1289e-10 2.5704e-11 6.7334e-11
1.2936e+03 2.3175e-01 3.5627e-04 7.9882e-12 1.9280e-10 1.1099e-10 2.4745e-11 6.6189e-11
1.2952e+03 2.3146e-01 3.4146e-04 7.6386e-12 1.8416e-10 1.0629e-10 2.3643e-11 6.3530e-11
1.2968e+03 2.3118e-01 3.2723e-04 7.3027e-12 1.7576e-10 9.9189e-11 2.2543e-11 5.9251e-11
1.2984e+03 2.3089e-01 3.1356e-04 6.9880e-12 1.6858e-10 9.4868e-11 2.1656e-11 5.6464e-11
1.3001e+03 2.3060e-01 3.0044e-04 6.6877e-12 1.6189e-10 9.3442e-11 2.0861e-11 5.5574e-11
1.3017e+03 2.3031e-01 2.8785e-04 6.3933e-12 1.5465e-10 8.9952e-11 1.9942e-11 5.3634e-11
1.3033e+03 2.3003e-01 2.7575e-04 6.1093e-12 1.4744e-10 8.3786e-11 1.8990e-11 4.9959e-11
1.3049e+03 2.2974e-01 2.6414e-04 5.8434e-12 1.4129e-10 7.9618e-11 1.8219e-11 4.7290e-11
1.3065e+03 2.2946e-01 2.5300e-04 5.5910e-12 1.3573e-10 7.8483e-11 1.7560e-11 4.6550e-11
1.3081e+03 2.2917e-01 2.4230e-04 5.3437e-12 1.2969e-10 7.6004e-11 1.6798e-11 4.5201e-11
1.3098e+03 2.2889e-01 2.3204e-04 5.1039e-12 1.2353e-10 7.0745e-11 1.5978e-11 4.2104e-11
1.3114e+03 2.2861e-01 2.2219e-04 4.8794e-12 1.1826e-10 6.6742e-11 1.5306e-11 3.9565e-11
1.3130e+03 2.2833e-01 2.1274e-04 4.6677e-12 1.1362e-10 6.5760e-11 1.4757e-11 3.8897e-11
1.3146e+03 2.2805e-01 2.0367e-04 4.4603e-12 1.0862e-10 6.4103e-11 1.4131e-11 3.8021e-11
1.3162e+03 2.2777e-01 1.9497e-04 4.2582e-12 1.0337e-10 5.9708e-11 1.3428e-11 3.5468e-11
1.3178e+03 2.2749e-01 1.8663e-04 4.0688e-12 9.8835e-11 5.5898e-11 1.2840e-11 3.3075e-11
1.3195e+03 2.2721e-01 1.7863e-04 3.8913e-12 9.4972e-11 5.4967e-11 1.2382e-11 3.2424e-11
1.3211e+03 2.2693e-01 1.7095e-04 3.7178e-12 9.0850e-11 5.3955e-11 1.1871e-11 3.1912e-11
1.3227e+03 2.2665e-01 1.6359e-04 3.5479e-12 8.6399e-11 5.0369e-11 1.1272e-11 2.9862e-11
1.3243e+03 2.2638e-01 1.5653e-04 3.3882e-12 8.2489e-11 4.6786e-11 1.0757e-11 2.7636e-11
1.3259e+03 2.2610e-01 1.4977e-04 3.2394e-12 7.9260e-11 4.5835e-11 1.0372e-11 2.6966e-11
1.3275e+03 2.2583e-01 1.4328e-04 3.0946e-12 7.5881e-11 4.5309e-11 9.9579e-12 2.6719e-11
1.3292e+03 2.2555e-01 1.3706e-04 2.9520e-12 7.2125e-11 4.2468e-11 9.4523e-12 2.5126e-11
1.3308e+03 2.2528e-01 1.3110e-04 2.8175e-12 6.8755e-11 3.9144e-11 9.0001e-12 2.3086e-11
1.3324e+03 2.2500e-01 1.2539e-04 2.6929e-12 6.6046e-11 3.8133e-11 8.6739e-12 2.2377e-11
1.3340e+03 2.2473e-01 1.1991e-04 2.5723e-12 6.3287e-11 3.7952e-11 8.3408e-12 2.2312e-11
1.3356e+03 2.2446e-01 1.1467e-04 2.4529e-12 6.0138e-11 3.5780e-11 7.9172e-12 2.1123e-11
1.3372e+03 2.2419e-01 1.0964e-04 2.3398e-12 5.7232e-11 3.2748e-11 7.5209e-12 1.9284e-11
1.3389e+03 2.2392e-01 1.0483e-04 2.2355e-12 5.4948e-11 3.1658e-11 7.2418e-12 1.8532e-11
1.3405e+03 2.2365e-01 1.0021e-04 2.1352e-12 5.2707e-11 3.1702e-11 6.9753e-12 1.8578e-11
1.3421e+03 2.2338e-01 9.5796e-05 2.0355e-12 5.0083e-11 3.0118e-11 6.6240e-12 1.7738e-11
1.3437e+03 2.2311e-01 9.1564e-05 1.9404e-12 4.7580e-11 2.7401e-11 6.2775e-12 1.6113e-11
1.3453e+03 2.2284e-01 8.7511e-05 1.8531e-12 4.5643e-11 2.6232e-11 6.0363e-12 1.5320e-11
1.3469e+03 2.2257e-01 8.3630e-05 1.7698e-12 4.3829e-11 2.6401e-11 5.8238e-12 1.5421e-11
1.3486e+03 2.2231e-01 7.9914e-05 1.6868e-12 4.1660e-11 2.5321e-11 5.5356e-12 1.4875e-11
1.3502e+03 2.2204e-01 7.6356e-05 1.6070e-12 3.9508e-11 2.2935e-11 5.2339e-12 1.3469e-11
1.3518e+03 2.2177e-01 7.2950e-05 1.5339e-12 3.7856e-11 2.1702e-11 5.0233e-12 1.2648e-11
1.3534e+03 2.2151e-01 6.9689e-05 1.4649e-12 3.6389e-11 2.1916e-11 4.8542e-12 1.2758e-11
1.3550e+03 2.2124e-01 6.6569e-05 1.3960e-12 3.4611e-11 2.1256e-11 4.6206e-12 1.2452e-11
1.3566e+03 2.2098e-01 6.3582e-05 1.3291e-12 3.2767e-11 1.9207e-11 4.3592e-12 1.1265e-11
1.3583e+03 2.2072e-01 6.0724e-05 1.2679e-12 3.1349e-11 1.7932e-11 4.1738e-12 1.0432e-11
1.3599e+03 2.2045e-01 5.7989e-05 1.2108e-12 3.0164e-11 1.8132e-11 4.0388e-12 1.0519e-11
1.3615e+03 2.2019e-01 5.5372e-05 1.1537e-12 2.8719e-11 1.7810e-11 3.8520e-12 1.0402e-11
1.3631e+03 2.1993e-01 5.2868e-05 1.0978e-12 2.7146e-11 1.6096e-11 3.6273e-12 9.4264e-12
1.3647e+03 2.1967e-01 5.0474e-05 1.0466e-12 2.5921e-11 1.4807e-11 3.4627e-12 8.6002e-12
1.3664e+03 2.1941e-01 4.8183e-05 9.9931e-13 2.4962e-11 1.4949e-11 3.3542e-12 8.6433e-12
1.3680e+03 2.1915e-01 4.5992e-05 9.5218e-13 2.3800e-11 1.4887e-11 3.2071e-12 8.6661e-12
1.3696e+03 2.1889e-01 4.3897e-05 9.0549e-13 2.2465e-11 1.3496e-11 3.0155e-12 7.8922e-12
1.3712e+03 2.1863e-01 4.1893e-05 8.6266e-13 2.1403e-11 1.2223e-11 2.8687e-12 7.0908e-12
1.3728e+03 2.1838e-01 3.9977e-05 8.2358e-13 2.0621e-11 1.2282e-11 2.7804e-12 7.0772e-12
1.3744e+03 2.1812e-01 3.8146e-05 7.8478e-13 1.9696e-11 1.2409e-11 2.6663e-12 7.1978e-12
1.3761e+03 2.1786e-01 3.6395e-05 7.4592e-13 1.8572e-11 1.1322e-11 2.5047e-12 6.6097e-12
1.3777e+03 2.1761e-01 3.4721e-05 7.1008e-13 1.7647e-11 1.0094e-11 2.3735e-12 5.8505e-12
1.3793e+03 2.1735e-01 3.3121e-05 6.7775e-13 1.7006e-11 1.0055e-11 2.3003e-12 5.7757e-12
1.3809e+03 2.1710e-01 3.1593e-05 6.4591e-13 1.6277e-11 1.0309e-11 2.2133e-12 5.9569e-12
1.3825e+03 2.1684e-01 3.0132e-05 6.1366e-13 1.5339e-11 9.4998e-12 2.0788e-12 5.5356e-12
1.3841e+03 2.1659e-01 2.8736e-05 5.8367e-13 1.4531e-11 8.3449e-12 1.9614e-12 4.8334e-12
1.3858e+03 2.1634e-01 2.7402e-05 5.5693e-13 1.4000e-11 8.2060e-12 1.8993e-12 4.6992e-12
1.3874e+03 2.1609e-01 2.6127e-05 5.3087e-13 1.3432e-11 8.5322e-12 1.8343e-12 4.9099e-12
1.3890e+03 2.1584e-01 2.4910e-05 5.0419e-13 1.2656e-11 7.9702e-12 1.7238e-12 4.6341e-12
1.3906e+03 2.1558e-01 2.3747e-05 4.7911e-13 1.1951e-11 6.9097e-12 1.6191e-12 4.0007e-12
1.3922e+03 2.1533e-01 2.2637e-05 4.5697e-13 1.1504e-11 6.6772e-12 1.5652e-12 3.8133e-12
1.3938e+03 2.1508e-01 2.1577e-05 4.3569e-13 1.1066e-11 7.0311e-12 1.5174e-12 4.0283e-12
1.3955e+03 2.1483e-01 2.0564e-05 4.1371e-13 1.0432e-11 6.6828e-12 1.4283e-12 3.8756e-12
1.3971e+03 2.1459e-01 1.9597e-05 3.9276e-13 9.8177e-12 5.7337e-12 1.3353e-12 3.3193e-12
1.3987e+03 2.1434e-01 1.8674e-05 3.7440e-13 9.4365e-12 5.4201e-12 1.2873e-12 3.0884e-12
1.4003e+03 2.1409e-01 1.7793e-05 3.5706e-13 9.1015e-12 5.7664e-12 1.2529e-12 3.2885e-12
1.4019e+03 2.1384e-01 1.6952e-05 3.3902e-13 8.5902e-12 5.5965e-12 1.1823e-12 3.2359e-12
1.4035e+03 2.1360e-01 1.6149e-05 3.2154e-13 8.0570e-12 4.7702e-12 1.1005e-12 2.7615e-12
1.4052e+03 2.1335e-01 1.5382e-05 3.0630e-13 7.7267e-12 4.3923e-12 1.0568e-12 2.4984e-12
1.4068e+03 2.1311e-01 1.4651e-05 2.9219e-13 7.4724e-12 4.7044e-12 1.0323e-12 2.6699e-12
1.4084e+03 2.1286e-01 1.3954e-05 2.7745e-13 7.0664e-12 4.6778e-12 9.7778e-13 2.6953e-12
1.4100e+03 2.1262e-01 1.3288e-05 2.6289e-13 6.6061e-12 3.9801e-12 9.0639e-13 2.3039e-12
1.4116e+03 2.1237e-01 1.2653e-05 2.5021e-13 6.3158e-12 3.5566e-12 8.6601e-13 2.0209e-12
1.4132e+03 2.1213e-01 1.2047e-05 2.3875e-13 6.1231e-12 3.8164e-12 8.4862e-13 2.1552e-12
1.4149e+03 2.1189e-01 1.1469e-05 2.2676e-13 5.8065e-12 3.8994e-12 8.0771e-13 2.2377e-12
1.4165e+03 2.1165e-01 1.0918e-05 2.1467e-13 5.4122e-12 3.3307e-12 7.4620e-13 1.9276e-12
1.4181e+03 2.1141e-01 1.0393e-05 2.0410e-13 5.1539e-12 2.8811e-12 7.0849e-13 1.6366e-12
1.4197e+03 2.1116e-01 9.8917e-06 1.9478e-13 5.0073e-12 3.0777e-12 6.9596e-13 1.7293e-12
1.4213e+03 2.1092e-01 9.4139e-06 1.8508e-13 4.7655e-12 3.2388e-12 6.6636e-13 1.8501e-12
1.4229e+03 2.1068e-01 8.9584e-06 1.7507e-13 4.4310e-12 2.7950e-12 6.1413e-13 1.6167e-12
1.4246e+03 2.1045e-01 8.5242e-06 1.6625e-13 4.1993e-12 2.3379e-12 5.7878e-13 1.3288e-12
1.4262e+03 2.1021e-01 8.1103e-06 1.5867e-13 4.0860e-12 2.4669e-12 5.6932e-13 1.3793e-12
1.4278e+03 2.0997e-01 7.7158e-06 1.5085e-13 3.9060e-12 2.6780e-12 5.4892e-13 1.5219e-12
1.4294e+03 2.0973e-01 7.3398e-06 1.4259e-13 3.6255e-12 2.3509e-12 5.0532e-13 1.3585e-12
1.4310e+03 2.0949e-01 6.9816e-06 1.3523e-13 3.4166e-12 1.9033e-12 4.7225e-13 1.0834e-12
1.4326e+03 2.0926e-01 6.6402e-06 1.2905e-13 3.3268e-12 1.9654e-12 4.6450e-13 1.0937e-12
1.4343e+03 2.0902e-01 6.3150e-06 1.2278e-13 3.1967e-12 2.2022e-12 4.5139e-13 1.2442e-12
1.4359e+03 2.0879e-01 6.0051e-06 1.1600e-13 2.9649e-12 1.9807e-12 4.1573e-13 1.1428e-12
1.4375e+03 2.0855e-01 5.7100e-06 1.0984e-13 2.7764e-12 1.5569e-12 3.8496e-13 8.8830e-13
1.4391e+03 2.0832e-01 5.4288e-06 1.0479e-13 2.7025e-12 1.5569e-12 3.7796e-13 8.6275e-13
1.4407e+03 2.0808e-01 5.1611e-06 9.9791e-14 2.6119e-12 1.7991e-12 3.7044e-13 1.0099e-12
1.4423e+03 2.0785e-01 4.9061e-06 9.4252e-14 2.4235e-12 1.6700e-12 3.4197e-13 9.6124e-13
1.4440e+03 2.0762e-01 4.6633e-06 8.9096e-14 2.2538e-12 1.2815e-12 3.1361e-13 7.3337e-13
1.4456e+03 2.0739e-01 4.4322e-06 8.4952e-14 2.1901e-12 1.2270e-12 3.0671e-13 6.7765e-13
1.4472e+03 2.0715e-01 4.2121e-06 8.0982e-14 2.1300e-12 1.4586e-12 3.0329e-13 8.1298e-13
1.4488e+03 2.0692e-01 4.0026e-06 7.6487e-14 1.9801e-12 1.4075e-12 2.8124e-13 8.0754e-13
1.4504e+03 2.0669e-01 3.8032e-06 7.2176e-14 1.8281e-12 1.0627e-12 2.5542e-13 6.1023e-13
1.4521e+03 2.0646e-01 3.6134e-06 6.8760e-14 1.7706e-12 9.6328e-13 2.4823e-13 5.3082e-13
1.4537e+03 2.0623e-01 3.4328e-06 6.5616e-14 1.7333e-12 1.1724e-12 2.4765e-13 6.4838e-13
1.4553e+03 2.0600e-01 3.2609e-06 6.1994e-14 1.6169e-12 1.1842e-12 2.3120e-13 6.7662e-13
1.4569e+03 2.0577e-01 3.0973e-06 5.8396e-14 1.4820e-12 8.8859e-13 2.0805e-13 5.1196e-13
1.4585e+03 2.0555e-01 2.9418e-06 5.5564e-14 1.4282e-12 7.5466e-13 2.0038e-13 4.1565e-13
1.4601e+03 2.0532e-01 2.7937e-06 5.3080e-14 1.4072e-12 9.3309e-13 2.0160e-13 5.1174e-13
1.4618e+03 2.0509e-01 2.6529e-06 5.0184e-14 1.3195e-12 9.9320e-13 1.8996e-13 5.6458e-13
1.4634e+03 2.0486e-01 2.5190e-06 4.7188e-14 1.2010e-12 7.4924e-13 1.6956e-13 4.3297e-13
1.4650e+03 2.0464e-01 2.3916e-06 4.4827e-14 1.1494e-12 5.9151e-13 1.6139e-13 3.2634e-13
1.4666e+03 2.0441e-01 2.2705e-06 4.2866e-14 1.1393e-12 7.3460e-13 1.6356e-13 3.9927e-13
1.4682e+03 2.0419e-01 2.1553e-06 4.0571e-14 1.0759e-12 8.2911e-13 1.5593e-13 4.6839e-13
1.4698e+03 2.0396e-01 2.0458e-06 3.8086e-14 9.7337e-13 6.3678e-13 1.3830e-13 3.6880e-13
1.4715e+03 2.0374e-01 1.9417e-06 3.6108e-14 9.2302e-13 4.6547e-13 1.2972e-13 2.5793e-13
1.4731e+03 2.0352e-01 1.8428e-06 3.4556e-14 9.1976e-13 5.7145e-13 1.3220e-13 3.0766e-13
1.4747e+03 2.0329e-01 1.7487e-06 3.2755e-14 8.7638e-13 6.8779e-13 1.2784e-13 3.8571e-13
1.4763e+03 2.0307e-01 1.6593e-06 3.0705e-14 7.8906e-13 5.4491e-13 1.1293e-13 3.1592e-13
1.4779e+03 2.0285e-01 1.5743e-06 2.9038e-14 7.3987e-13 3.6928e-13 1.0410e-13 2.0613e-13
1.4795e+03 2.0263e-01 1.4936e-06 2.7806e-14 7.4011e-13 4.3880e-13 1.0642e-13 2.3396e-13
1.4812e+03 2.0240e-01 1.4169e-06 2.6407e-14 7.1288e-13 5.6600e-13 1.0461e-13 3.1472e-13
1.4828e+03 2.0218e-01 1.3440e-06 2.4727e-14 6.3993e-13 4.6871e-13 9.2339e-14 2.7164e-13
1.4844e+03 2.0196e-01 1.2748e-06 2.3317e-14 5.9215e-13 2.9677e-13 8.3457e-14 1.6734e-13
1.4860e+03 2.0174e-01 1.2090e-06 2.2331e-14 5.9346e-13 3.3237e-13 8.5292e-14 1.7551e-13
1.4876e+03 2.0152e-01 1.1466e-06 2.1256e-14 5.7887e-13 4.6122e-13 8.5402e-14 2.5396e-13
1.4892e+03 2.0131e-01 1.0872e-06 1.9890e-14 5.1931e-13 4.0441e-13 7.5610e-14 2.3392e-13
1.4909e+03 2.0109e-01 1.0309e-06 1.8695e-14 4.7338e-13 2.4268e-13 6.6891e-14 1.3853e-13
1.4925e+03 2.0087e-01 9.7741e-07 1.7899e-14 4.7410e-13 2.4827e-13 6.8046e-14 1.2994e-13
1.4941e+03 2.0065e-01 9.2663e-07 1.7081e-14 4.6901e-13 3.7144e-13 6.9509e-14 2.0225e-13
1.4957e+03 2.0044e-01 8.7841e-07 1.5982e-14 4.2170e-13 3.4921e-13 6.1994e-14 2.0126e-13
1.4973e+03 2.0022e-01 8.3265e-07 1.4968e-14 3.7819e-13 2.0265e-13 5.3644e-14 1.1721e-13
1.4989e+03 2.0000e-01 7.8921e-07 1.4316e-14 3.7725e-13 1.8300e-13 5.4031e-14 9.5120e-14
1.5006e+03 1.9979e-01 7.4798e-07 1.3702e-14 3.7895e-13 2.9500e-13 5.6360e-14 1.5858e-13
1.5022e+03 1.9957e-01 7.0886e-07 1.2827e-14 3.4264e-13 3.0104e-13 5.0886e-14 1.7260e-13
1.5038e+03 1.9936e-01 6.7173e-07 1.1967e-14 3.0212e-13 1.7310e-13 4.3084e-14 1.0138e-13
1.5054e+03 1.9914e-01 6.3651e-07 1.1426e-14 2.9898e-13 1.3344e-13 4.2700e-14 6.9152e-14
1.5070e+03 1.9893e-01 6.0309e-07 1.0969e-14 3.0515e-13 2.3049e-13 4.5490e-14 1.2210e-13
1.5086e+03 1.9872e-01 5.7139e-07 1.0282e-14 2.7852e-13 2.5847e-13 4.1795e-14 1.4718e-13
1.5103e+03 1.9850e-01 5.4132e-07 9.5558e-15 2.4149e-13 1.5114e-13 3.4687e-14 8.9429e-14
1.5119e+03 1.9829e-01 5.1280e-07 9.0992e-15 2.3598e-13 9.6763e-14 3.3593e-14 5.0347e-14
1.5135e+03 1.9808e-01 4.8575e-07 8.7613e-15 2.4474e-13 1.7664e-13 3.6516e-14 9.2014e-14
1.5151e+03 1.9787e-01 4.6010e-07 8.2315e-15 2.2641e-13 2.2051e-13 3.4329e-14 1.2451e-13
1.5167e+03 1.9766e-01 4.3579e-07 7.6204e-15 1.9327e-13 1.3449e-13 2.8022e-14 8.0135e-14
1.5183e+03 1.9745e-01 4.1273e-07 7.2296e-15 1.8551e-13 7.0484e-14 2.6320e-14 3.7222e-14
1.5200e+03 1.9724e-01 3.9088e-07 6.9808e-15 1.9534e-13 1.3233e-13 2.9127e-14 6.7595e-14
1.5216e+03 1.9703e-01 3.7016e-07 6.5796e-15 1.8397e-13 1.8648e-13 2.8173e-14 1.0426e-13
1.5232e+03 1.9682e-01 3.5052e-07 6.0696e-15 1.5497e-13 1.2141e-13 2.2732e-14 7.2577e-14
1.5248e+03 1.9661e-01 3.3191e-07 5.7308e-15 1.4528e-13 5.2416e-14 2.0551e-14 2.8496e-14
1.5264e+03 1.9640e-01 3.1428e-07 5.5468e-15 1.5505e-13 9.6463e-14 2.3063e-14 4.8157e-14
1.5280e+03 1.9619e-01 2.9757e-07 5.2500e-15 1.4931e-13 1.5598e-13 2.3077e-14 8.6207e-14
1.5297e+03 1.9599e-01 2.8174e-07 4.8284e-15 1.2456e-13 1.1060e-13 1.8530e-14 6.6093e-14
1.5313e+03 1.9578e-01 2.6674e-07 4.5318e-15 1.1341e-13 4.0667e-14 1.6011e-14 2.3074e-14
1.5329e+03 1.9557e-01 2.5254e-07 4.3937e-15 1.2227e-13 6.8036e-14 1.8109e-14 3.3051e-14
1.5345e+03 1.9537e-01 2.3908e-07 4.1803e-15 1.2094e-13 1.2875e-13 1.8844e-14 7.0225e-14
1.5361e+03 1.9516e-01 2.2634e-07 3.8360e-15 1.0041e-13 1.0114e-13 1.5180e-14 6.0231e-14
1.5378e+03 1.9496e-01 2.1427e-07 3.5748e-15 8.8292e-14 3.3627e-14 1.2465e-14 2.0040e-14
1.5394e+03 1.9475e-01 2.0284e-07 3.4683e-15 9.5713e-14 4.6071e-14 1.4086e-14 2.1657e-14
1.5410e+03 1.9455e-01 1.9203e-07 3.3201e-15 9.7648e-14 1.0460e-13 1.5318e-14 5.6208e-14
1.5426e+03 1.9434e-01 1.8179e-07 3.0431e-15 8.1176e-14 9.2431e-14 1.2496e-14 5.4707e-14
1.5442e+03 1.9414e-01 1.7209e-07 2.8128e-15 6.8623e-14 2.9954e-14 9.7177e-15 1.8646e-14
1.5458e+03 1.9394e-01 1.6292e-07 2.7271e-15 7.4298e-14 2.9640e-14 1.0842e-14 1.3393e-14
1.5475e+03 1.9373e-01 1.5423e-07 2.6289e-15 7.8497e-14 8.3414e-14 1.2376e-14 4.4067e-14
1.5491e+03 1.9353e-01 1.4602e-07 2.4101e-15 6.5814e-14 8.4081e-14 1.0330e-14 4.9363e-14
1.5507e+03 1.9333e-01 1.3824e-07 2.2074e-15 5.3313e-14 2.8549e-14 7.6057e-15 1.8293e-14
1.5523e+03 1.9313e-01 1.3088e-07 2.1348e-15 5.7133e-14 1.7869e-14 8.2498e-15 7.7151e-15
1.5539e+03 1.9293e-01 1.2393e-07 2.0737e-15 6.2729e-14 6.5075e-14 9.9190e-15 3.3714e-14
1.5555e+03 1.9273e-01 1.1734e-07 1.9048e-15 5.3480e-14 7.5899e-14 8.5644e-15 4.4134e-14
1.5572e+03 1.9253e-01 1.1112e-07 1.7274e-15 4.1463e-14 2.8541e-14 5.9936e-15 1.8519e-14
1.5588e+03 1.9233e-01 1.0523e-07 1.6628e-15 4.3473e-14 9.9419e-15 6.1995e-15 4.1255e-15
1.5604e+03 1.9213e-01 9.9664e-08 1.6283e-15 4.9744e-14 4.9457e-14 7.8700e-15 2.5048e-14
1.5620e+03 1.9193e-01 9.4400e-08 1.5014e-15 4.3513e-14 6.7820e-14 7.1106e-15 3.9018e-14
1.5636e+03 1.9173e-01 8.9424e-08 1.3476e-15 3.2337e-14 2.9261e-14 4.7698e-15 1.8981e-14
1.5652e+03 1.9153e-01 8.4720e-08 1.2878e-15 3.2697e-14 5.1099e-15 4.5981e-15 2.1750e-15
1.5669e+03 1.9133e-01 8.0274e-08 1.2712e-15 3.9061e-14 3.6413e-14 6.1663e-15 1.7952e-14
1.5685e+03 1.9114e-01 7.6073e-08 1.1793e-15 3.5395e-14 5.9867e-14 5.8993e-15 3.4052e-14
1.5701e+03 1.9094e-01 7.2102e-08 1.0477e-15 2.5334e-14 3.0212e-14 3.8435e-15 1.9436e-14
1.5717e+03 1.9074e-01 6.8351e-08 9.9071e-16 2.4280e-14 2.6998e-15 3.3658e-15 1.4672e-15
1.5733e+03 1.9055e-01 6.4807e-08 9.8545e-16 3.0297e-14 2.5771e-14 4.7569e-15 1.2294e-14
1.5749e+03 1.9035e-01 6.1460e-08 9.2204e-16 2.8730e-14 5.2115e-14 4.8785e-15 2.9295e-14
1.5766e+03 1.9016e-01 5.8299e-08 8.1111e-16 1.9968e-14 3.1051e-14 3.1414e-15 1.9729e-14
1.5782e+03 1.8996e-01 5.5313e-08 7.5632e-16 1.7784e-14 2.1172e-15 2.4343e-15 1.6600e-15
1.5798e+03 1.8977e-01 5.2494e-08 7.5722e-16 2.3139e-14 1.7334e-14 3.5999e-15 7.9317e-15
1.5814e+03 1.8957e-01 4.9833e-08 7.1642e-16 2.3210e-14 4.4665e-14 4.0095e-15 2.4809e-14
1.5830e+03 1.8938e-01 4.7322e-08 6.2474e-16 1.5849e-14 3.1554e-14 2.6052e-15 1.9769e-14
1.5846e+03 1.8919e-01 4.4951e-08 5.7212e-16 1.2841e-14 2.8498e-15 1.7451e-15 2.4659e-15
1.5863e+03 1.8899e-01 4.2714e-08 5.7544e-16 1.7333e-14 1.0888e-14 2.6599e-15 4.7121e-15
1.5879e+03 1.8880e-01 4.0604e-08 5.5204e-16 1.8606e-14 3.7623e-14 3.2639e-15 2.0653e-14
1.5895e+03 1.8861e-01 3.8613e-08 4.7803e-16 1.2670e-14 3.1597e-14 2.1894e-15 1.9517e-14
1.5911e+03 1.8842e-01 3.6736e-08 4.2802e-16 9.1388e-15 4.4664e-15 1.2485e-15 3.6497e-15
1.5927e+03 1.8823e-01 3.4966e-08 4.3121e-16 1.2668e-14 6.2051e-15 1.9070e-15 2.4809e-15
1.5943e+03 1.8803e-01 3.3297e-08 4.2064e-16 1.4743e-14 3.1087e-14 2.6211e-15 1.6873e-14
1.5960e+03 1.8784e-01 3.1725e-08 3.6258e-16 1.0189e-14 3.1133e-14 1.8590e-15 1.8974e-14
1.5976e+03 1.8765e-01 3.0243e-08 3.1589e-16 6.4193e-15 6.6136e-15 9.0240e-16 5.0254e-15
1.5992e+03 1.8746e-01 2.8848e-08 3.1736e-16 8.9695e-15 3.0538e-15 1.3152e-15 1.0861e-15
1.6008e+03 1.8728e-01 2.7534e-08 3.1570e-16 1.1492e-14 2.5136e-14 2.0664e-15 1.3502e-14
1.6024e+03 1.8709e-01 2.6297e-08 2.7175e-16 8.2200e-15 3.0166e-14 1.5878e-15 1.8165e-14
1.6040e+03 1.8690e-01 2.5132e-08 2.2915e-16 4.4659e-15 9.0109e-15 6.7146e-16 6.4519e-15
1.6057e+03 1.8671e-01 2.4037e-08 2.2812e-16 6.0891e-15 1.2081e-15 8.6163e-16 3.8377e-16
1.6073e+03 1.8652e-01 2.3008e-08 2.3209e-16 8.7565e-15 1.9828e-14 1.5892e-15 1.0557e-14
1.6089e+03 1.8633e-01 2.2040e-08 2.0034e-16 6.6239e-15 2.8740e-14 1.3567e-15 1.7130e-14
1.6105e+03 1.8615e-01 2.1131e-08 1.6255e-16 3.0998e-15 1.1443e-14 5.2629e-16 7.8267e-15
1.6121e+03 1.8596e-01 2.0278e-08 1.5888e-16 3.9008e-15 4.5297e-16 5.2637e-16 2.4166e-16
1.6137e+03 1.8577e-01 1.9478e-08 1.6582e-16 6.4677e-15 1.5198e-14 1.1822e-15 8.0403e-15
1.6154e+03 1.8559e-01 1.8727e-08 1.4427e-16 5.2985e-15 2.6918e-14 1.1523e-15 1.5915e-14
1.6170e+03 1.8540e-01 1.8024e-08 1.1189e-16 2.1743e-15 1.3750e-14 4.4276e-16 9.0799e-15
1.6186e+03 1.8522e-01 1.7366e-08 1.0590e-16 2.2963e-15 5.9075e-16 2.9162e-16 5.4261e-16
1.6202e+03 1.8503e-01 1.6752e-08 1.1376e-16 4.5744e-15 1.1262e-14 8.4018e-16 5.9427e-15
1.6218e+03 1.8485e-01 1.6177e-08 1.0043e-16 4.1722e-15 2.4777e-14 9.6613e-16 1.4568e-14
1.6235e+03 1.8466e-01 1.5642e-08 7.3855e-17 1.5708e-15 1.5819e-14 4.0138e-16 1.0168e-14
1.6251e+03 1.8448e-01 1.5143e-08 6.6243e-17 1.1820e-15 1.4449e-15 1.4158e-16 1.1862e-15
1.6267e+03 1.8430e-01 1.4680e-08 7.3513e-17 3.0399e-15 8.0186e-15 5.5946e-16 4.2462e-15
1.6283e+03 1.8411e-01 1.4250e-08 6.6467e-17 3.1978e-15 2.2393e-14 7.9320e-16 1.3133e-14
1.6299e+03 1.8393e-01 1.3852e-08 4.5877e-17 1.1949e-15 1.7577e-14 3.8669e-16 1.1066e-14
1.6315e+03 1.8375e-01 1.3485e-08 3.7551e-17 4.7744e-16 2.8619e-15 6.2282e-17 2.0894e-15
1.6332e+03 1.8357e-01 1.3147e-08 4.3259e-17 1.8381e-15 5.4565e-15 3.3745e-16 2.9284e-15
1.6348e+03 1.8339e-01 1.2838e-08 4.0651e-17 2.3484e-15 1.9841e-14 6.3155e-16 1.1648e-14
1.6364e+03 1.8320e-01 1.2555e-08 2.5990e-17 9.7347e-16 1.8975e-14 3.8676e-16 1.1765e-14
1.6380e+03 1.8302e-01 1.2299e-08 1.7999e-17 1.1282e-16 4.7116e-15 4.1358e-17 3.1858e-15
1.6396e+03 1.8284e-01 1.2068e-08 2.1652e-17 9.5070e-16 3.5579e-15 1.7235e-16 1.9656e-15
1.6412e+03 1.8266e-01 1.1861e-08 2.1782e-17 1.6130e-15 1.7192e-14 4.8157e-16 1.0144e-14
1.6429e+03 1.8248e-01 1.1678e-08 1.2756e-17 8.5240e-16 1.9986e-14 3.9279e-16 1.2262e-14
1.6445e+03 1.8230e-01 1.1518e-08 6.2034e-18 2.8413e-17 6.8849e-15 6.7970e-17 4.4243e-15
1.6461e+03 1.8212e-01 1.1381e-08 7.7469e-18 3.6536e-16 2.3047e-15 6.2925e-17 1.3369e-15
1.6477e+03 1.8195e-01 1.1265e-08 9.1000e-18 9.9448e-16 1.4509e-14 3.4556e-16 8.6484e-15
1.6493e+03 1.8177e-01 1.1171e-08 5.1950e-18 7.9431e-16 2.0598e-14 3.9875e-16 1.2558e-14
1.6509e+03 1.8159e-01 1.1098e-08 1.1643e-18 1.7364e-16 9.2915e-15 1.3270e-16 5.7661e-15
1.6526e+03 1.8141e-01 1.1047e-08 9.4066e-19 7.4499e-17 1.6821e-15 8.3961e-18 1.0267e-15
1.6542e+03 1.8123e-01 1.1016e-08 2.2343e-18 5.0669e-16 1.1855e-14 2.2748e-16 7.1819e-15
1.6558e+03 1.8106e-01 1.1005e-08 2.7371e-18 7.7734e-16 2.0802e-14 4.0112e-16 1.2657e-14
