Frequency(THz) Wavelength(um) Source Detector[0] Detector[1] Detector[2] Detector[3] Detector[4]
0.0000e+00 2.9664e+10 2.6980e-03 1.1465e-01 7.7554e-03 1.8379e-02 5.1649e-03 4.3804e-02
1.0106e-08 2.9664e+10 5.0403e-01 9.4009e-02 6.5758e-03 2.2809e-02 3.8081e-03 4.6344e-02
2.0212e-08 1.4832e+10 1.0071e+00 8.5817e-02 3.7883e-03 3.0034e-02 2.2246e-03 7.1613e-02
3.0318e-08 9.8881e+09 5.0751e-01 1.4569e-01 1.1799e-03 2.9594e-02 3.4358e-03 1.1841e-01
4.0425e-08 7.4161e+09 2.7100e-03 2.1358e-01 7.2485e-04 2.0340e-02 6.0923e-03 1.3146e-01
5.0531e-08 5.9329e+09 5.0063e-01 2.0807e-01 3.4841e-03 1.2029e-02 7.5772e-03 9.0270e-02
6.0637e-08 4.9441e+09 1.0072e+00 1.6223e-01 7.9615e-03 1.1947e-02 7.6717e-03 5.6218e-02
7.0743e-08 4.2378e+09 5.1106e-01 1.5524e-01 1.0211e-02 1.7072e-02 6.2919e-03 6.6206e-02
8.0849e-08 3.7080e+09 2.7459e-03 1.7236e-01 8.1119e-03 2.5693e-02 2.9502e-03 6.8761e-02
9.0955e-08 3.2960e+09 4.9731e-01 1.4743e-01 5.4309e-03 4.7576e-02 9.7249e-04 3.5440e-02
1.0106e-07 2.9664e+09 1.0075e+00 9.6089e-02 8.0857e-03 8.7497e-02 5.3259e-03 3.2684e-02
1.1117e-07 2.6968e+09 5.1470e-01 8.9949e-02 1.5417e-02 1.2285e-01 1.3154e-02 9.6264e-02
1.2127e-07 2.4720e+09 2.8058e-03 1.2883e-01 1.9286e-02 1.1865e-01 1.4695e-02 1.3963e-01
1.3138e-07 2.2819e+09 4.9407e-01 1.4666e-01 1.4363e-02 7.0926e-02 7.9285e-03 9.2013e-02
1.4149e-07 2.1189e+09 1.0079e+00 1.2322e-01 5.4737e-03 1.8304e-02 3.3013e-03 2.9711e-02
1.5159e-07 1.9776e+09 5.1842e-01 9.2424e-02 8.8656e-04 2.5860e-04 8.0331e-03 5.2273e-02
1.6170e-07 1.8540e+09 2.8898e-03 6.2054e-02 1.5122e-03 1.6529e-02 1.4997e-02 1.1558e-01
1.7180e-07 1.7450e+09 4.9090e-01 2.2438e-02 1.9635e-03 3.7541e-02 1.4819e-02 1.1552e-01
1.8191e-07 1.6480e+09 1.0084e+00 1.2685e-02 5.0810e-04 4.2488e-02 1.0168e-02 6.3308e-02
1.9202e-07 1.5613e+09 5.2223e-01 7.5104e-02 1.6601e-03 3.4063e-02 8.6969e-03 4.4288e-02
2.0212e-07 1.4832e+09 2.9978e-03 1.5658e-01 7.9739e-03 2.4031e-02 9.4586e-03 6.1973e-02
2.1223e-07 1.4126e+09 4.8781e-01 1.5821e-01 1.4546e-02 1.8395e-02 6.9311e-03 5.6471e-02
2.2234e-07 1.3484e+09 1.0091e+00 7.9243e-02 1.4586e-02 1.5306e-02 2.7037e-03 3.3040e-02
2.3244e-07 1.2898e+09 5.2612e-01 1.3946e-02 7.8425e-03 1.0021e-02 2.3185e-03 4.3051e-02
2.4255e-07 1.2360e+09 3.1300e-03 8.2074e-03 1.0669e-03 2.8040e-03 4.6025e-03 7.0258e-02
2.5265e-07 1.1866e+09 4.8479e-01 1.9937e-02 1.1215e-03 2.3309e-03 4.2977e-03 5.6860e-02
2.6276e-07 1.1409e+09 1.0099e+00 2.3893e-02 8.5248e-03 1.4255e-02 2.0879e-03 1.6473e-02
2.7287e-07 1.0987e+09 5.3010e-01 4.7930e-02 1.6779e-02 2.7309e-02 2.5774e-03 9.9171e-03
2.8297e-07 1.0594e+09 3.2865e-03 8.7047e-02 1.8040e-02 2.3941e-02 5.2129e-03 3.3359e-02
2.9308e-07 1.0229e+09 4.8184e-01 8.6553e-02 1.1028e-02 7.4814e-03 6.2972e-03 3.5185e-02
3.0318e-07 9.8881e+08 1.0109e+00 4.4274e-02 3.2679e-03 4.0701e-03 7.2804e-03 1.8917e-02
3.1329e-07 9.5692e+08 5.3416e-01 3.5027e-02 3.6890e-03 3.2341e-02 1.1901e-02 2.8151e-02
3.2340e-07 9.2701e+08 3.4673e-03 9.0549e-02 1.3196e-02 8.4313e-02 1.7253e-02 5.3207e-02
3.3350e-07 8.9892e+08 4.7896e-01 1.3807e-01 2.4457e-02 1.3808e-01 1.6723e-02 4.9285e-02
3.4361e-07 8.7248e+08 1.0120e+00 1.0816e-01 3.0222e-02 1.7115e-01 1.0499e-02 2.3757e-02
3.5371e-07 8.4755e+08 5.3832e-01 3.5813e-02 2.8962e-02 1.6081e-01 5.0060e-03 1.5870e-02
3.6382e-07 8.2401e+08 3.6726e-03 3.8627e-03 2.3129e-02 1.0088e-01 3.1338e-03 1.8502e-02
3.7393e-07 8.0174e+08 4.7615e-01 3.7199e-02 1.6387e-02 2.9156e-02 2.5722e-03 6.0533e-03
3.8403e-07 7.8064e+08 1.0132e+00 9.4603e-02 1.3461e-02 5.8864e-03 2.2824e-03 2.7213e-03
3.9414e-07 7.6063e+08 5.4258e-01 1.2396e-01 1.7734e-02 4.3029e-02 3.0458e-03 3.4270e-02
4.0425e-07 7.4161e+08 3.9026e-03 9.8496e-02 2.5889e-02 8.2327e-02 3.1737e-03 5.6174e-02
4.1435e-07 7.2352e+08 4.7341e-01 3.8054e-02 2.8516e-02 7.0075e-02 1.4844e-03 2.5992e-02
4.2446e-07 7.0629e+08 1.0145e+00 4.6549e-03 2.0188e-02 2.6707e-02 3.3358e-03 4.9041e-04
4.3456e-07 6.8987e+08 5.4692e-01 2.9613e-02 7.0771e-03 9.1719e-03 1.5541e-02 5.5190e-02
4.4467e-07 6.7419e+08 4.1574e-03 5.4893e-02 6.0524e-04 2.9754e-02 3.5038e-02 1.5047e-01
4.5478e-07 6.5921e+08 4.7074e-01 2.2591e-02 4.3120e-03 5.5537e-02 4.9493e-02 1.8829e-01
4.6488e-07 6.4488e+08 1.0160e+00 6.2094e-03 1.0824e-02 7.0644e-02 4.9992e-02 1.6220e-01
4.7499e-07 6.3116e+08 5.5137e-01 1.2967e-01 1.2074e-02 8.7620e-02 3.8406e-02 1.3767e-01
4.8509e-07 6.1801e+08 4.4372e-03 3.3931e-01 8.9029e-03 1.0170e-01 2.3099e-02 1.2425e-01
4.9520e-07 6.0540e+08 4.6814e-01 4.0952e-01 8.5990e-03 8.6745e-02 1.2392e-02 9.0549e-02
5.0531e-07 5.9329e+08 1.0177e+00 2.4753e-01 1.4935e-02 4.5962e-02 1.0902e-02 7.0687e-02
5.1541e-07 5.8165e+08 5.5591e-01 4.5228e-02 2.3348e-02 2.0427e-02 1.6802e-02 1.2282e-01
5.2552e-07 5.7047e+08 4.7421e-03 1.1215e-02 2.6261e-02 2.9963e-02 2.2729e-02 2.0176e-01
5.3563e-07 5.5971e+08 4.6560e-01 8.5313e-02 2.1394e-02 4.4403e-02 2.2761e-02 2.0299e-01
5.4573e-07 5.4934e+08 1.0195e+00 8.1948e-02 1.3190e-02 3.3664e-02 1.7330e-02 1.2229e-01
5.5584e-07 5.3935e+08 5.6055e-01 9.9135e-03 6.7261e-03 1.2262e-02 9.8260e-03 5.0628e-02
5.6594e-07 5.2972e+08 5.0725e-03 3.3592e-02 2.9417e-03 1.0027e-02 2.9026e-03 2.5320e-02
5.7605e-07 5.2043e+08 4.6313e-01 1.5916e-01 1.0191e-03 2.6117e-02 5.0726e-04 1.0649e-02
5.8616e-07 5.1145e+08 1.0214e+00 1.9922e-01 2.1425e-03 3.7758e-02 6.5608e-03 1.0156e-02
5.9626e-07 5.0279e+08 5.6530e-01 8.7112e-02 6.9866e-03 3.4863e-02 1.6839e-02 6.2722e-02
6.0637e-07 4.9441e+08 5.4285e-03 4.9303e-03 1.1320e-02 2.3332e-02 1.9619e-02 1.3033e-01
6.1647e-07 4.8630e+08 4.6073e-01 9.6959e-02 9.7182e-03 9.9083e-03 1.0868e-02 1.2420e-01
6.2658e-07 4.7846e+08 1.0235e+00 2.3681e-01 4.1943e-03 2.7970e-03 1.3417e-03 5.0510e-02
6.3669e-07 4.7086e+08 5.7015e-01 2.2485e-01 3.3432e-03 1.2590e-02 1.2088e-03 5.9019e-03
6.4679e-07 4.6351e+08 5.8105e-03 8.5956e-02 1.0368e-02 3.5727e-02 5.7753e-03 2.2773e-02
6.5690e-07 4.5638e+08 4.5839e-01 2.1243e-03 1.7285e-02 5.0981e-02 5.5527e-03 4.0961e-02
6.6701e-07 4.4946e+08 1.0257e+00 2.9423e-02 1.5299e-02 4.6147e-02 1.9021e-03 3.4195e-02
6.7711e-07 4.4275e+08 5.7511e-01 5.8737e-02 6.6655e-03 3.2830e-02 1.3136e-03 3.8104e-02
6.8722e-07 4.3624e+08 6.2186e-03 2.7423e-02 7.4775e-04 2.3528e-02 2.3227e-03 5.1751e-02
6.9732e-07 4.2992e+08 4.5612e-01 1.3362e-05 1.2576e-03 1.4689e-02 1.5409e-03 4.1810e-02
7.0743e-07 4.2378e+08 1.0280e+00 2.3464e-02 3.7352e-03 6.3825e-03 5.0295e-03 4.1971e-02
7.1754e-07 4.1781e+08 5.8018e-01 4.7403e-02 4.2039e-03 1.4032e-02 1.7671e-02 1.0712e-01
7.2764e-07 4.1201e+08 6.6533e-03 3.1541e-02 3.5153e-03 3.9593e-02 2.7604e-02 1.7380e-01
7.3775e-07 4.0636e+08 4.5391e-01 1.6822e-02 2.8100e-03 5.4216e-02 2.0228e-02 1.2877e-01
7.4785e-07 4.0087e+08 1.0305e+00 3.6657e-02 1.2400e-03 3.6216e-02 4.1855e-03 2.1132e-02
7.5796e-07 3.9553e+08 5.8536e-01 5.1586e-02 4.8568e-05 7.6763e-03 2.2776e-03 1.9918e-02
7.6807e-07 3.9032e+08 7.1147e-03 2.8138e-02 3.0216e-03 4.1364e-03 1.6318e-02 1.3231e-01
7.7817e-07 3.8525e+08 4.5176e-01 1.8389e-03 9.7766e-03 2.2601e-02 2.3507e-02 1.7055e-01
7.8828e-07 3.8031e+08 1.0332e+00 5.2527e-03 1.3515e-02 3.0952e-02 1.2574e-02 6.6629e-02
7.9839e-07 3.7550e+08 5.9066e-01 9.8677e-03 9.5369e-03 1.8912e-02 7.6468e-04 5.2362e-03
8.0849e-07 3.7080e+08 7.6033e-03 2.4503e-03 2.3977e-03 6.7306e-03 4.4145e-03 1.2247e-01
8.1860e-07 3.6623e+08 4.4968e-01 4.2911e-02 1.2950e-04 6.9365e-03 1.3356e-02 2.6761e-01
8.2870e-07 3.6176e+08 1.0360e+00 1.6301e-01 3.7232e-03 8.9804e-03 1.0739e-02 2.3428e-01
8.3881e-07 3.5740e+08 5.9608e-01 2.6842e-01 6.9991e-03 4.3786e-03 2.3771e-03 7.7560e-02
8.4892e-07 3.5315e+08 8.1194e-03 2.4167e-01 5.7057e-03 5.2836e-04 6.2682e-03 6.1275e-03
8.5902e-07 3.4899e+08 4.4766e-01 1.1025e-01 2.1016e-03 4.2035e-03 2.1696e-02 5.9201e-02
8.6913e-07 3.4493e+08 1.0390e+00 1.3615e-02 2.8498e-04 1.1982e-02 2.9218e-02 9.4109e-02
8.7923e-07 3.4097e+08 6.0162e-01 1.5937e-02 9.2530e-04 2.0957e-02 1.9555e-02 4.5361e-02
8.8934e-07 3.3710e+08 8.6635e-03 4.7427e-02 1.9896e-03 3.1268e-02 5.0847e-03 1.1693e-03
8.9945e-07 3.3331e+08 4.4570e-01 3.6456e-02 2.0561e-03 3.6371e-02 1.9048e-04 2.3048e-02
9.0955e-07 3.2960e+08 1.0421e+00 5.6162e-03 1.2588e-03 2.8109e-02 4.0626e-03 5.5785e-02
9.1966e-07 3.2598e+08 6.0728e-01 5.5382e-03 3.7318e-04 1.2337e-02 7.9637e-03 4.9460e-02
9.2976e-07 3.2244e+08 9.2358e-03 2.8913e-02 2.5385e-04 3.1253e-03 9.1231e-03 4.2713e-02
9.3987e-07 3.1897e+08 4.4380e-01 3.7327e-02 1.4371e-03 2.3945e-03 1.0497e-02 7.7516e-02
9.4998e-07 3.1558e+08 1.0454e+00 2.5341e-02 3.4679e-03 2.4797e-03 1.2948e-02 1.2278e-01
9.6008e-07 3.1226e+08 6.1307e-01 1.3567e-02 4.9946e-03 5.7625e-03 1.4531e-02 1.3001e-01
9.7019e-07 3.0900e+08 9.8369e-03 8.5748e-03 4.9345e-03 2.0266e-02 1.4906e-02 1.0314e-01
9.8030e-07 3.0582e+08 4.4196e-01 6.7833e-03 3.3811e-03 3.6633e-02 1.5282e-02 7.5676e-02
9.9040e-07 3.0270e+08 1.0489e+00 1.7665e-02 1.4626e-03 3.4032e-02 1.5152e-02 6.2600e-02
1.0005e-06 2.9964e+08 6.1899e-01 5.0864e-02 6.2623e-04 1.3377e-02 1.3254e-02 6.2759e-02
1.0106e-06 2.9664e+08 1.0467e-02 9.0041e-02 1.7153e-03 1.1629e-03 1.1143e-02 7.4892e-02
1.0207e-06 2.9371e+08 4.4019e-01 1.0327e-01 4.1533e-03 1.1865e-02 1.1574e-02 8.8181e-02
1.0308e-06 2.9083e+08 1.0525e+00 7.8128e-02 6.2086e-03 2.7361e-02 1.3024e-02 8.1223e-02
1.0409e-06 2.8800e+08 6.2504e-01 3.5624e-02 6.4978e-03 2.4958e-02 1.0592e-02 4.9674e-02
1.0510e-06 2.8523e+08 1.1127e-02 9.0901e-03 5.0300e-03 8.6933e-03 4.2249e-03 2.0751e-02
1.0611e-06 2.8252e+08 4.3848e-01 1.0361e-02 2.7135e-03 3.9975e-06 8.2991e-04 2.5153e-02
1.0713e-06 2.7985e+08 1.0563e+00 1.7914e-02 6.6234e-04 9.3207e-03 4.1096e-03 5.8790e-02
1.0814e-06 2.7724e+08 6.3123e-01 8.9628e-03 2.6303e-04 2.7887e-02 7.6575e-03 8.3928e-02
1.0915e-06 2.7467e+08 1.1817e-02 2.0492e-03 2.5010e-03 3.9482e-02 5.1303e-03 7.6054e-02
1.1016e-06 2.7215e+08 4.3683e-01 3.8112e-02 6.1036e-03 3.3880e-02 2.4872e-03 6.2478e-02
1.1117e-06 2.6968e+08 1.0602e+00 1.0605e-01 7.6336e-03 1.7602e-02 9.4177e-03 8.9050e-02
1.1218e-06 2.6725e+08 6.3756e-01 1.3013e-01 5.2020e-03 1.4703e-02 2.0935e-02 1.4218e-01
1.1319e-06 2.6486e+08 1.2538e-02 7.1619e-02 1.3409e-03 4.4613e-02 2.1539e-02 1.4726e-01
1.1420e-06 2.6252e+08 4.3524e-01 5.9716e-03 1.8968e-04 9.4161e-02 9.9512e-03 7.9330e-02
1.1521e-06 2.6021e+08 1.0643e+00 3.6390e-02 2.1660e-03 1.2414e-01 4.5851e-03 2.8292e-02
1.1622e-06 2.5795e+08 6.4404e-01 1.4800e-01 3.6806e-03 1.1021e-01 1.7060e-02 8.6369e-02
1.1723e-06 2.5573e+08 1.3291e-02 2.1840e-01 2.4003e-03 6.6808e-02 3.3966e-02 2.0189e-01
1.1824e-06 2.5354e+08 4.3371e-01 1.7683e-01 4.1736e-04 2.6001e-02 3.6083e-02 2.3535e-01
1.1925e-06 2.5139e+08 1.0686e+00 8.6225e-02 1.0314e-03 4.9449e-03 2.4619e-02 1.5544e-01
1.2026e-06 2.4928e+08 6.5066e-01 4.7098e-02 4.2660e-03 4.8655e-04 1.5041e-02 8.0430e-02
1.2127e-06 2.4720e+08 1.4075e-02 7.6513e-02 7.3436e-03 3.4076e-03 1.3227e-02 1.0266e-01
1.2228e-06 2.4516e+08 4.3224e-01 1.1409e-01 8.4664e-03 8.0610e-03 1.2491e-02 1.6704e-01
1.2329e-06 2.4315e+08 1.0731e+00 1.0874e-01 8.1402e-03 1.3790e-02 9.0157e-03 1.7065e-01
1.2431e-06 2.4117e+08 6.5744e-01 6.6568e-02 7.1790e-03 2.2082e-02 5.8085e-03 1.0513e-01
1.2532e-06 2.3923e+08 1.4892e-02 3.2677e-02 5.5163e-03 2.9028e-02 3.9611e-03 3.9756e-02
1.2633e-06 2.3732e+08 4.3083e-01 4.4161e-02 3.5546e-03 2.4323e-02 2.5718e-03 1.8693e-02
1.2734e-06 2.3543e+08 1.0778e+00 8.9827e-02 2.9785e-03 8.0654e-03 4.8849e-03 3.4929e-02
1.2835e-06 2.3358e+08 6.6438e-01 1.1772e-01 4.7605e-03 2.3601e-03 1.2876e-02 6.8515e-02
1.2936e-06 2.3175e+08 1.5742e-02 9.9874e-02 7.0214e-03 2.7220e-02 1.8910e-02 9.8507e-02
1.3037e-06 2.2996e+08 4.2948e-01 7.2542e-02 6.5733e-03 6.6912e-02 1.4922e-02 1.0188e-01
1.3138e-06 2.2819e+08 1.0827e+00 7.9597e-02 3.0635e-03 8.3592e-02 6.6899e-03 7.9074e-02
1.3239e-06 2.2645e+08 6.7147e-01 1.0040e-01 3.0875e-04 6.7065e-02 6.2020e-03 6.0246e-02
1.3340e-06 2.2473e+08 1.6625e-02 8.7222e-02 2.1691e-03 4.4954e-02 1.2816e-02 6.2884e-02
1.3441e-06 2.2304e+08 4.2820e-01 5.3334e-02 7.4607e-03 3.6569e-02 1.5426e-02 6.9805e-02
1.3542e-06 2.2138e+08 1.0877e+00 5.2539e-02 1.0647e-02 2.7532e-02 1.0807e-02 6.4795e-02
1.3643e-06 2.1974e+08 6.7873e-01 8.1709e-02 8.4157e-03 7.4192e-03 5.7806e-03 5.6026e-02
1.3744e-06 2.1812e+08 1.7544e-02 9.0057e-02 4.4446e-03 2.4212e-03 3.3330e-03 5.0016e-02
1.3845e-06 2.1653e+08 4.2697e-01 8.8753e-02 6.0189e-03 3.9864e-02 1.1352e-03 4.0301e-02
1.3946e-06 2.1496e+08 1.0930e+00 1.4875e-01 1.5820e-02 9.7876e-02 1.9774e-03 3.4059e-02
1.4048e-06 2.1341e+08 6.8617e-01 2.5872e-01 2.8218e-02 1.2369e-01 1.0232e-02 4.8445e-02
1.4149e-06 2.1189e+08 1.8498e-02 2.9241e-01 3.4290e-02 9.6549e-02 1.9206e-02 7.0921e-02
1.4250e-06 2.1039e+08 4.2581e-01 1.8355e-01 3.0021e-02 4.5748e-02 1.7961e-02 6.9401e-02
1.4351e-06 2.0890e+08 1.0984e+00 4.4334e-02 1.9218e-02 9.8515e-03 9.7022e-03 4.8831e-02
1.4452e-06 2.0744e+08 6.9377e-01 2.3461e-02 9.0952e-03 4.2832e-03 6.8378e-03 4.5150e-02
1.4553e-06 2.0600e+08 1.9488e-02 1.1277e-01 4.0825e-03 2.8117e-02 9.3765e-03 5.8549e-02
1.4654e-06 2.0458e+08 4.2471e-01 1.8892e-01 4.0937e-03 7.3744e-02 7.3159e-03 5.6535e-02
1.4755e-06 2.0318e+08 1.1040e+00 1.9462e-01 7.5455e-03 1.1987e-01 3.6302e-03 5.0558e-02
1.4856e-06 2.0180e+08 7.0156e-01 1.7142e-01 1.3895e-02 1.3655e-01 1.2288e-02 9.1719e-02
1.4957e-06 2.0044e+08 2.0515e-02 1.4331e-01 2.1935e-02 1.1243e-01 3.0453e-02 1.6865e-01
1.5058e-06 1.9909e+08 4.2367e-01 8.6915e-02 2.7042e-02 6.7672e-02 3.6325e-02 1.9243e-01
1.5159e-06 1.9776e+08 1.1099e+00 2.2174e-02 2.3630e-02 3.0931e-02 2.1785e-02 1.2283e-01
1.5260e-06 1.9645e+08 7.0954e-01 2.1507e-02 1.2226e-02 1.2116e-02 5.0160e-03 3.5557e-02
1.5361e-06 1.9516e+08 2.1580e-02 9.3189e-02 1.8144e-03 4.2911e-03 1.5667e-03 1.6014e-02
1.5462e-06 1.9388e+08 4.2270e-01 1.4348e-01 1.4379e-03 2.4854e-03 4.3313e-03 5.0971e-02
1.5563e-06 1.9263e+08 1.1160e+00 1.0395e-01 9.4471e-03 8.8850e-03 3.0588e-03 7.5886e-02
1.5665e-06 1.9138e+08 7.1770e-01 2.7985e-02 1.4740e-02 2.2380e-02 2.3574e-03 7.0306e-02
1.5766e-06 1.9016e+08 2.2684e-02 4.1561e-03 1.0293e-02 3.3528e-02 6.8140e-03 5.2597e-02
1.5867e-06 1.8895e+08 4.2178e-01 2.9112e-02 2.0721e-03 3.3831e-02 8.1311e-03 3.0379e-02
1.5968e-06 1.8775e+08 1.1223e+00 3.5187e-02 9.6688e-04 2.5883e-02 2.3397e-03 9.1765e-03
1.6069e-06 1.8657e+08 7.2607e-01 8.9348e-03 8.0161e-03 1.9278e-02 1.5112e-03 1.0065e-02
1.6170e-06 1.8540e+08 2.3827e-02 3.9352e-03 1.3006e-02 1.6745e-02 1.2178e-02 3.4429e-02
1.6271e-06 1.8425e+08 4.2093e-01 4.2491e-02 8.6754e-03 1.1244e-02 1.9721e-02 4.7984e-02
1.6372e-06 1.8311e+08 1.1288e+00 7.8036e-02 1.1857e-03 2.0756e-03 1.1878e-02 3.3307e-02
1.6473e-06 1.8199e+08 7.3463e-01 7.2003e-02 2.4315e-03 6.5088e-03 9.6437e-04 1.7015e-02
1.6574e-06 1.8088e+08 2.5012e-02 4.7524e-02 1.4474e-02 4.1364e-02 3.1264e-03 1.8213e-02
1.6675e-06 1.7978e+08 4.2015e-01 3.7596e-02 2.6791e-02 9.2926e-02 1.1043e-02 1.9507e-02
1.6776e-06 1.7870e+08 1.1355e+00 3.2615e-02 2.9480e-02 1.2140e-01 8.9212e-03 1.4400e-02
1.6877e-06 1.7763e+08 7.4341e-01 2.1558e-02 2.4776e-02 1.0359e-01 1.1324e-03 2.6270e-02
1.6978e-06 1.7657e+08 2.6238e-02 3.9474e-02 2.2686e-02 5.9587e-02 2.5087e-03 5.3494e-02
1.7079e-06 1.7553e+08 4.1942e-01 1.1375e-01 2.7606e-02 2.7776e-02 1.0798e-02 5.9165e-02
1.7180e-06 1.7450e+08 1.1425e+00 1.9145e-01 3.3146e-02 2.3588e-02 1.2834e-02 4.3776e-02
1.7282e-06 1.7348e+08 7.5241e-01 1.9022e-01 3.0533e-02 3.3803e-02 9.9467e-03 5.6685e-02
1.7383e-06 1.7247e+08 2.7507e-02 1.1275e-01 1.9176e-02 4.1479e-02 1.3031e-02 1.0173e-01
1.7484e-06 1.7147e+08 4.1877e-01 4.1825e-02 6.8594e-03 4.0800e-02 1.8496e-02 1.1107e-01
1.7585e-06 1.7048e+08 1.1498e+00 2.2357e-02 7.1563e-04 3.1803e-02 1.3734e-02 5.7124e-02
1.7686e-06 1.6951e+08 7.6162e-01 2.3411e-02 6.7641e-04 1.6825e-02 2.6485e-03 8.3788e-03
1.7787e-06 1.6855e+08 2.8820e-02 2.5208e-02 2.4278e-03 5.0567e-03 1.0586e-03 1.9556e-02
1.7888e-06 1.6760e+08 4.1818e-01 5.4996e-02 4.1721e-03 1.0426e-02 8.3990e-03 4.8044e-02
1.7989e-06 1.6665e+08 1.1572e+00 1.0571e-01 7.4392e-03 3.9782e-02 8.8315e-03 4.3367e-02
1.8090e-06 1.6572e+08 7.7107e-01 1.1055e-01 1.1863e-02 8.4439e-02 1.3164e-03 3.9075e-02
1.8191e-06 1.6480e+08 3.0179e-02 5.2858e-02 1.3237e-02 1.2202e-01 3.3337e-03 8.0344e-02
1.8292e-06 1.6389e+08 4.1765e-01 1.6452e-02 8.9800e-03 1.2764e-01 1.9685e-02 1.3283e-01
1.8393e-06 1.6299e+08 1.1650e+00 5.6463e-02 2.7339e-03 9.2893e-02 3.1096e-02 1.4428e-01
1.8494e-06 1.6210e+08 7.8076e-01 1.0079e-01 3.5051e-05 3.9300e-02 2.3041e-02 1.3302e-01
1.8595e-06 1.6122e+08 3.1584e-02 6.8258e-02 9.8512e-04 4.0443e-03 6.9156e-03 1.3624e-01
1.8696e-06 1.6035e+08 4.1719e-01 9.5593e-03 1.4243e-03 4.1043e-03 1.8487e-03 1.3270e-01
1.8797e-06 1.5949e+08 1.1730e+00 2.0318e-02 7.0841e-04 2.1081e-02 9.5279e-03 9.5738e-02
1.8898e-06 1.5863e+08 7.9069e-01 7.5745e-02 2.8668e-03 2.7454e-02 1.6943e-02 5.9470e-02
1.9000e-06 1.5779e+08 3.3037e-02 8.2708e-02 8.5733e-03 1.8004e-02 1.4497e-02 5.2539e-02
1.9101e-06 1.5695e+08 4.1680e-01 5.5008e-02 1.1666e-02 6.7883e-03 4.8025e-03 3.7589e-02
1.9202e-06 1.5613e+08 1.1812e+00 8.8034e-02 7.7584e-03 4.1182e-03 3.8760e-04 4.2357e-03
1.9303e-06 1.5531e+08 8.0087e-01 1.7034e-01 2.0712e-03 9.3504e-03 1.3615e-02 3.8467e-02
1.9404e-06 1.5450e+08 3.4540e-02 1.7744e-01 2.9764e-03 1.8757e-02 4.0152e-02 1.8414e-01
1.9505e-06 1.5370e+08 4.1648e-01 7.8691e-02 9.9811e-03 2.7791e-02 5.5510e-02 3.1195e-01
1.9606e-06 1.5291e+08 1.1898e+00 2.7271e-03 1.4392e-02 3.0967e-02 4.1477e-02 2.6936e-01
1.9707e-06 1.5213e+08 8.1132e-01 4.1692e-02 1.1512e-02 2.9476e-02 1.2780e-02 1.1109e-01
1.9808e-06 1.5135e+08 3.6093e-02 1.1743e-01 5.8903e-03 3.1990e-02 1.9552e-04 2.8293e-02
1.9909e-06 1.5058e+08 4.1623e-01 1.1635e-01 3.1676e-03 3.9284e-02 9.3339e-03 7.6649e-02
2.0010e-06 1.4982e+08 1.1986e+00 5.2389e-02 2.6971e-03 3.8785e-02 1.7472e-02 1.3387e-01
2.0111e-06 1.4907e+08 8.2204e-01 1.1064e-02 1.4020e-03 2.5106e-02 1.1848e-02 1.2151e-01
2.0212e-06 1.4832e+08 3.7699e-02 1.1965e-02 1.4066e-04 1.2700e-02 5.7877e-03 1.0143e-01
2.0313e-06 1.4758e+08 4.1605e-01 1.5341e-02 1.6550e-03 1.3744e-02 1.0028e-02 1.2079e-01
2.0414e-06 1.4685e+08 1.2078e+00 1.0348e-02 4.9312e-03 1.7611e-02 1.3711e-02 1.1872e-01
2.0515e-06 1.4613e+08 8.3304e-01 1.5944e-02 6.2198e-03 1.0649e-02 7.0078e-03 5.4575e-02
2.0617e-06 1.4541e+08 3.9359e-02 2.7756e-02 4.6161e-03 2.3624e-03 2.1635e-04 1.8075e-03
2.0718e-06 1.4470e+08 4.1595e-01 2.7301e-02 2.8210e-03 8.9983e-03 3.8006e-03 3.0776e-02
2.0819e-06 1.4400e+08 1.2172e+00 1.9992e-02 2.6568e-03 2.2660e-02 8.5873e-03 9.3071e-02
2.0920e-06 1.4331e+08 8.4433e-01 1.9854e-02 2.9898e-03 2.2784e-02 4.1912e-03 1.0596e-01
2.1021e-06 1.4262e+08 4.1074e-02 2.1949e-02 2.3173e-03 1.0003e-02 3.0197e-04 7.8614e-02
2.1122e-06 1.4193e+08 4.1591e-01 2.1037e-02 9.4459e-04 1.6691e-03 9.1861e-03 7.2346e-02
2.1223e-06 1.4126e+08 1.2270e+00 2.7172e-02 8.7765e-05 1.0199e-03 2.1342e-02 9.1521e-02
2.1324e-06 1.4059e+08 8.5592e-01 3.9859e-02 4.2500e-04 3.3291e-05 2.1117e-02 9.6115e-02
2.1425e-06 1.3993e+08 4.2847e-02 4.1699e-02 1.7185e-03 6.2300e-03 1.5140e-02 8.5927e-02
2.1526e-06 1.3927e+08 4.1595e-01 3.2759e-02 2.7673e-03 3.2142e-02 2.0519e-02 9.3907e-02
2.1627e-06 1.3862e+08 1.2370e+00 3.0206e-02 2.1821e-03 6.0124e-02 3.2377e-02 1.1274e-01
2.1728e-06 1.3797e+08 8.6782e-01 2.7778e-02 4.4682e-04 5.5776e-02 2.9725e-02 9.7653e-02
2.1829e-06 1.3734e+08 4.4679e-02 9.7903e-03 3.9512e-04 2.1761e-02 1.1458e-02 4.3707e-02
2.1930e-06 1.3670e+08 4.1607e-01 8.1378e-03 3.9747e-03 1.2154e-03 8.3539e-05 6.3114e-03
2.2031e-06 1.3608e+08 1.2475e+00 7.2763e-02 9.2520e-03 1.7882e-02 6.5150e-03 3.0343e-02
2.2132e-06 1.3545e+08 8.8005e-01 1.7212e-01 1.2491e-02 4.9040e-02 1.5560e-02 9.3041e-02
2.2234e-06 1.3484e+08 4.6573e-02 2.0456e-01 1.2600e-02 7.0230e-02 1.3523e-02 1.3435e-01
2.2335e-06 1.3423e+08 4.1627e-01 1.3644e-01 1.1466e-02 8.7825e-02 7.9773e-03 1.2483e-01
2.2436e-06 1.3362e+08 1.2582e+00 5.0850e-02 1.0385e-02 1.0700e-01 9.2287e-03 8.6694e-02
2.2537e-06 1.3302e+08 8.9261e-01 2.7088e-02 8.6056e-03 1.0553e-01 1.1522e-02 5.5705e-02
2.2638e-06 1.3243e+08 4.8529e-02 4.9333e-02 5.5780e-03 6.9483e-02 6.9805e-03 4.1665e-02
2.2739e-06 1.3184e+08 4.1654e-01 6.9465e-02 2.4332e-03 2.5878e-02 2.7758e-03 3.4050e-02
2.2840e-06 1.3126e+08 1.2693e+00 8.0416e-02 5.3130e-04 7.7619e-03 8.0020e-03 3.1873e-02
2.2941e-06 1.3068e+08 9.0551e-01 8.7650e-02 5.2125e-05 9.8274e-03 1.4967e-02 4.6093e-02
2.3042e-06 1.3011e+08 5.0551e-02 8.6380e-02 4.3379e-04 8.9882e-03 1.1289e-02 7.3530e-02
2.3143e-06 1.2954e+08 4.1690e-01 1.0482e-01 9.5701e-04 6.5291e-03 2.9706e-03 9.1154e-02
2.3244e-06 1.2898e+08 1.2808e+00 1.8469e-01 8.5215e-04 1.5688e-02 6.5385e-03 8.3249e-02
2.3345e-06 1.2842e+08 9.1878e-01 2.7916e-01 1.5604e-04 2.6154e-02 2.1262e-02 5.7518e-02
2.3446e-06 1.2786e+08 5.2641e-02 2.6895e-01 2.7022e-04 1.8593e-02 2.8136e-02 3.1726e-02
2.3547e-06 1.2731e+08 4.1734e-01 1.3524e-01 2.1251e-03 2.5869e-03 1.8311e-02 2.2471e-02
2.3648e-06 1.2677e+08 1.2927e+00 1.4988e-02 4.1251e-03 3.2906e-03 5.1533e-03 4.2562e-02
2.3749e-06 1.2623e+08 9.3241e-01 1.4127e-02 3.8527e-03 1.7837e-02 2.3228e-03 8.1991e-02
2.3850e-06 1.2570e+08 5.4801e-02 6.7375e-02 1.6385e-03 2.0712e-02 5.2693e-03 9.8415e-02
2.3952e-06 1.2517e+08 4.1786e-01 6.9957e-02 2.5513e-04 8.1692e-03 3.9362e-03 6.4627e-02
2.4053e-06 1.2464e+08 1.3050e+00 4.6916e-02 9.9622e-04 2.0091e-03 1.1278e-03 1.8864e-02
2.4154e-06 1.2412e+08 9.4644e-01 7.7154e-02 2.3914e-03 9.7705e-03 5.3119e-03 1.9360e-02
2.4255e-06 1.2360e+08 5.7033e-02 1.3092e-01 3.1112e-03 1.5066e-02 1.3524e-02 5.5835e-02
2.4356e-06 1.2309e+08 4.1847e-01 1.1712e-01 3.6657e-03 9.9773e-03 1.5953e-02 7.0079e-02
2.4457e-06 1.2258e+08 1.3177e+00 4.6469e-02 4.5849e-03 5.3760e-03 1.3456e-02 6.1239e-02
2.4558e-06 1.2208e+08 9.6086e-01 1.7751e-02 5.4318e-03 5.4410e-03 1.5795e-02 8.5794e-02
2.4659e-06 1.2158e+08 5.9341e-02 6.0583e-02 6.6125e-03 2.8998e-03 2.2969e-02 1.3999e-01
2.4760e-06 1.2108e+08 4.1917e-01 1.0615e-01 9.7236e-03 3.8739e-03 2.3170e-02 1.4261e-01
2.4861e-06 1.2059e+08 1.3308e+00 1.0965e-01 1.4745e-02 2.4896e-02 1.2870e-02 7.2754e-02
2.4962e-06 1.2010e+08 9.7570e-01 1.0061e-01 1.8996e-02 5.7551e-02 5.3637e-03 2.2775e-02
2.5063e-06 1.1961e+08 6.1726e-02 1.0413e-01 2.0253e-02 6.8976e-02 1.1938e-02 5.5459e-02
2.5164e-06 1.1913e+08 4.1997e-01 9.8232e-02 1.8979e-02 4.9310e-02 2.5217e-02 1.0723e-01
2.5265e-06 1.1866e+08 1.3443e+00 6.7042e-02 1.6332e-02 2.7065e-02 3.0452e-02 1.0619e-01
2.5366e-06 1.1818e+08 9.9098e-01 3.3151e-02 1.2296e-02 2.3147e-02 2.5353e-02 8.7584e-02
2.5467e-06 1.1772e+08 6.4193e-02 2.0495e-02 7.2381e-03 2.2283e-02 1.8472e-02 1.0142e-01
2.5569e-06 1.1725e+08 4.2085e-01 2.8213e-02 2.9714e-03 9.8051e-03 1.3901e-02 1.0404e-01
2.5670e-06 1.1679e+08 1.3584e+00 4.6689e-02 6.4841e-04 3.9519e-03 9.1161e-03 5.5118e-02
2.5771e-06 1.1633e+08 1.0067e+00 6.6023e-02 3.6612e-05 2.2588e-02 4.9452e-03 3.2537e-02
2.5872e-06 1.1588e+08 6.6743e-02 7.1723e-02 2.2731e-03 4.4577e-02 5.9382e-03 1.1361e-01
2.5973e-06 1.1543e+08 4.2183e-01 5.8806e-02 9.5960e-03 4.0009e-02 1.0744e-02 2.1406e-01
2.6074e-06 1.1498e+08 1.3728e+00 4.1280e-02 1.9520e-02 2.1444e-02 1.2159e-02 1.9815e-01
2.6175e-06 1.1453e+08 1.0229e+00 3.0819e-02 2.3563e-02 2.6570e-02 8.1230e-03 9.6758e-02
2.6276e-06 1.1409e+08 6.9380e-02 2.5727e-02 1.7031e-02 5.7203e-02 4.1695e-03 5.2128e-02
2.6377e-06 1.1366e+08 4.2291e-01 3.0531e-02 7.2961e-03 7.3632e-02 3.6539e-03 8.1780e-02
2.6478e-06 1.1322e+08 1.3878e+00 5.2491e-02 5.8037e-03 5.2626e-02 4.0933e-03 7.6666e-02
2.6579e-06 1.1279e+08 1.0396e+00 7.1530e-02 1.2864e-02 1.7777e-02 4.9762e-03 2.3330e-02
2.6680e-06 1.1237e+08 7.2108e-02 6.1294e-02 1.7474e-02 1.7166e-03 9.9665e-03 3.4339e-02
2.6781e-06 1.1194e+08 4.2410e-01 4.5821e-02 1.3067e-02 4.9531e-03 1.7753e-02 1.2863e-01
2.6882e-06 1.1152e+08 1.4033e+00 7.0526e-02 6.0050e-03 7.8500e-03 1.9663e-02 1.6991e-01
2.6983e-06 1.1110e+08 1.0568e+00 1.0859e-01 5.0898e-03 4.3875e-03 1.1989e-02 8.9930e-02
2.7084e-06 1.1069e+08 7.4930e-02 8.4502e-02 9.1243e-03 5.2244e-03 3.0670e-03 5.5726e-03
2.7186e-06 1.1028e+08 4.2539e-01 1.6592e-02 1.0468e-02 1.6279e-02 1.4920e-03 2.5210e-02
2.7287e-06 1.0987e+08 1.4194e+00 3.0396e-02 6.6784e-03 3.0448e-02 4.0080e-03 8.4961e-02
2.7388e-06 1.0946e+08 1.0745e+00 1.7200e-01 2.1712e-03 3.8818e-02 2.9966e-03 8.2165e-02
2.7489e-06 1.0906e+08 7.7849e-02 3.0898e-01 3.0707e-04 3.9716e-02 1.0306e-04 4.4363e-02
2.7590e-06 1.0866e+08 4.2678e-01 3.0087e-01 8.6954e-05 3.6065e-02 2.3322e-03 4.6286e-02
2.7691e-06 1.0826e+08 1.4359e+00 1.8574e-01 4.3226e-04 2.9958e-02 8.1768e-03 6.4042e-02
2.7792e-06 1.0787e+08 1.0928e+00 1.0320e-01 2.0629e-03 2.1917e-02 9.4141e-03 4.2028e-02
2.7893e-06 1.0748e+08 8.0871e-02 1.0070e-01 4.1107e-03 1.3586e-02 6.5937e-03 2.3988e-02
2.7994e-06 1.0709e+08 4.2829e-01 1.1912e-01 3.8433e-03 9.2044e-03 1.0420e-02 8.1333e-02
2.8095e-06 1.0671e+08 1.4531e+00 1.2076e-01 1.8677e-03 1.1915e-02 2.3673e-02 1.6659e-01
2.8196e-06 1.0632e+08 1.1116e+00 1.2455e-01 3.5878e-03 1.7828e-02 3.2970e-02 1.7431e-01
2.8297e-06 1.0594e+08 8.3998e-02 1.3702e-01 1.2462e-02 1.8309e-02 2.6612e-02 1.1526e-01
2.8398e-06 1.0557e+08 4.2992e-01 1.3859e-01 2.4326e-02 1.2125e-02 1.2303e-02 9.5881e-02
2.8499e-06 1.0519e+08 1.4709e+00 1.2865e-01 3.1385e-02 1.0335e-02 6.3669e-03 1.3574e-01
2.8600e-06 1.0482e+08 1.1310e+00 1.1769e-01 3.0425e-02 2.1852e-02 1.0475e-02 1.3906e-01
2.8701e-06 1.0445e+08 8.7236e-02 9.2152e-02 2.4664e-02 3.7847e-02 1.1969e-02 6.6201e-02
2.8803e-06 1.0409e+08 4.3167e-01 4.4354e-02 1.8708e-02 4.0363e-02 6.1446e-03 9.9388e-03
2.8904e-06 1.0372e+08 1.4893e+00 1.2477e-02 1.4379e-02 2.5650e-02 3.6479e-03 5.0038e-02
2.9005e-06 1.0336e+08 1.1511e+00 3.2714e-02 1.1147e-02 8.5297e-03 1.1140e-02 1.2775e-01
2.9106e-06 1.0300e+08 9.0589e-02 7.4108e-02 8.2406e-03 1.9043e-03 1.8026e-02 1.3454e-01
2.9207e-06 1.0264e+08 4.3353e-01 7.6173e-02 5.6394e-03 2.6003e-03 1.2542e-02 6.3969e-02
2.9308e-06 1.0229e+08 1.5083e+00 3.6052e-02 4.0688e-03 2.2024e-03 1.7513e-03 4.9103e-03
2.9409e-06 1.0194e+08 1.1718e+00 1.4078e-02 4.3496e-03 2.1480e-03 2.5776e-03 2.0385e-02
2.9510e-06 1.0159e+08 9.4061e-02 6.1212e-02 6.2519e-03 9.9002e-03 1.7313e-02 9.7918e-02
2.9611e-06 1.0124e+08 4.3553e-01 1.6198e-01 8.3216e-03 2.6353e-02 3.0829e-02 1.9621e-01
2.9712e-06 1.0090e+08 1.5280e+00 2.3543e-01 9.4403e-03 4.6053e-02 3.1005e-02 2.7260e-01
2.9813e-06 1.0056e+08 1.1932e+00 2.0061e-01 1.0060e-02 6.6910e-02 2.0447e-02 2.7231e-01
2.9914e-06 1.0022e+08 9.7659e-02 8.3019e-02 1.1351e-02 9.0909e-02 8.0556e-03 1.6821e-01
3.0015e-06 9.9880e+07 4.3766e-01 3.3398e-02 1.3851e-02 1.1514e-01 5.9288e-04 3.5215e-02
3.0116e-06 9.9545e+07 1.5485e+00 1.5940e-01 1.7412e-02 1.2915e-01 3.3590e-03 1.3764e-02
3.0217e-06 9.9212e+07 1.2154e+00 3.5153e-01 2.1135e-02 1.2355e-01 1.6499e-02 1.4292e-01
3.0318e-06 9.8881e+07 1.0139e-01 3.8853e-01 2.2570e-02 9.7918e-02 2.7892e-02 2.7927e-01
3.0419e-06 9.8553e+07 4.3993e-01 2.2539e-01 1.8917e-02 6.0554e-02 2.3131e-02 2.5837e-01
3.0521e-06 9.8226e+07 1.5696e+00 5.0137e-02 1.0950e-02 2.4713e-02 7.5537e-03 1.1141e-01
3.0622e-06 9.7902e+07 1.2382e+00 2.4326e-02 4.0841e-03 4.9240e-03 4.0792e-03 2.8967e-02
3.0723e-06 9.7580e+07 1.0525e-01 1.0409e-01 2.8432e-03 9.8381e-03 2.0924e-02 1.0559e-01
3.0824e-06 9.7260e+07 4.4234e-01 1.7063e-01 5.2631e-03 3.3470e-02 3.6222e-02 2.2239e-01
3.0925e-06 9.6942e+07 1.5916e+00 1.9527e-01 5.7401e-03 5.6001e-02 2.8076e-02 2.2491e-01
3.1026e-06 9.6627e+07 1.2619e+00 1.9304e-01 2.7635e-03 5.8601e-02 7.3324e-03 1.2393e-01
3.1127e-06 9.6313e+07 1.0926e-01 1.4302e-01 2.2950e-04 3.9447e-02 2.0521e-03 4.4631e-02
3.1228e-06 9.6001e+07 4.4490e-01 5.6571e-02 9.3237e-04 1.4792e-02 1.6613e-02 4.6140e-02
3.1329e-06 9.5692e+07 1.6144e+00 1.9579e-02 2.7198e-03 4.8814e-03 2.7454e-02 8.5241e-02
3.1430e-06 9.5384e+07 1.2863e+00 6.8647e-02 2.5670e-03 1.8746e-02 1.9300e-02 1.1648e-01
3.1531e-06 9.5078e+07 1.1342e-01 1.1578e-01 1.1050e-03 4.9110e-02 4.9954e-03 1.3101e-01
3.1632e-06 9.4774e+07 4.4762e-01 8.2726e-02 1.0548e-03 7.7710e-02 2.4708e-03 1.1505e-01
3.1733e-06 9.4473e+07 1.6380e+00 2.3497e-02 3.8651e-03 8.6413e-02 8.7511e-03 5.9977e-02
3.1834e-06 9.4173e+07 1.3116e+00 3.7815e-02 9.8800e-03 6.9246e-02 9.1011e-03 7.4591e-03
3.1935e-06 9.3875e+07 1.1773e-01 1.4665e-01 1.8917e-02 3.7983e-02 2.1172e-03 7.6583e-03
3.2036e-06 9.3579e+07 4.5049e-01 3.0613e-01 2.7944e-02 1.3968e-02 1.6712e-03 4.3184e-02
3.2138e-06 9.3284e+07 1.6625e+00 4.4441e-01 3.0873e-02 1.0109e-02 1.5921e-02 7.1710e-02
3.2239e-06 9.2992e+07 1.3378e+00 4.5219e-01 2.4473e-02 2.0392e-02 3.5460e-02 1.2176e-01
3.2340e-06 9.2701e+07 1.2221e-01 2.7737e-01 1.3272e-02 2.9246e-02 4.5357e-02 2.4449e-01
3.2441e-06 9.2412e+07 4.5354e-01 6.9901e-02 5.3084e-03 2.9888e-02 4.2694e-02 3.8038e-01
3.2542e-06 9.2125e+07 1.6879e+00 6.1870e-02 3.9234e-03 2.8654e-02 3.7161e-02 3.9752e-01
3.2643e-06 9.1840e+07 1.3650e+00 2.4587e-01 6.6680e-03 3.1242e-02 3.6293e-02 2.8420e-01
3.2744e-06 9.1557e+07 1.2686e-01 3.6502e-01 1.0834e-02 3.2423e-02 3.5961e-02 1.8041e-01
3.2845e-06 9.1275e+07 4.5675e-01 2.9101e-01 1.5794e-02 2.4982e-02 2.8368e-02 1.7299e-01
3.2946e-06 9.0995e+07 1.7143e+00 1.8231e-01 2.0069e-02 1.3039e-02 1.5398e-02 1.8175e-01
3.3047e-06 9.0717e+07 1.3931e+00 1.6863e-01 2.0627e-02 7.0448e-03 7.7360e-03 1.2189e-01
3.3148e-06 9.0440e+07 1.3169e-01 1.4902e-01 1.6685e-02 7.7674e-03 1.1360e-02 6.2050e-02
3.3249e-06 9.0165e+07 4.6015e-01 6.5471e-02 1.1270e-02 6.8625e-03 2.1181e-02 1.0706e-01
3.3350e-06 8.9892e+07 1.7418e+00 9.3363e-02 7.6779e-03 4.9776e-03 2.8488e-02 2.0602e-01
3.3451e-06 8.9621e+07 1.4223e+00 3.2001e-01 6.8485e-03 1.5321e-02 2.8119e-02 2.1305e-01
3.3552e-06 8.9351e+07 1.3671e-01 4.8712e-01 9.2489e-03 4.0729e-02 1.8536e-02 1.0575e-01
3.3653e-06 8.9082e+07 4.6375e-01 3.4827e-01 1.6254e-02 5.9811e-02 4.6046e-03 1.5746e-02
3.3755e-06 8.8816e+07 1.7703e+00 7.8499e-02 2.7328e-02 5.1574e-02 1.3039e-03 3.9640e-02
3.3856e-06 8.8550e+07 1.4526e+00 9.6214e-03 3.7622e-02 2.6973e-02 2.0705e-02 1.2625e-01
3.3957e-06 8.8287e+07 1.4193e-01 1.2581e-01 4.0853e-02 1.6701e-02 4.9576e-02 1.7411e-01
3.4058e-06 8.8025e+07 4.6754e-01 1.6407e-01 3.4560e-02 2.8257e-02 5.6234e-02 1.5716e-01
3.4159e-06 8.7764e+07 1.7999e+00 8.7064e-02 2.2010e-02 3.6517e-02 3.1979e-02 1.2168e-01
3.4260e-06 8.7506e+07 1.4840e+00 8.9013e-02 9.6251e-03 2.3770e-02 9.9693e-03 1.1907e-01
3.4361e-06 8.7248e+07 1.4736e-01 1.9643e-01 2.4841e-03 7.8928e-03 2.3410e-02 1.6930e-01
3.4462e-06 8.6992e+07 4.7154e-01 2.2155e-01 8.1495e-04 1.4589e-02 5.6970e-02 2.4417e-01
3.4563e-06 8.6738e+07 1.8308e+00 1.0786e-01 7.7445e-04 3.7004e-02 6.5859e-02 2.7103e-01
3.4664e-06 8.6485e+07 1.5166e+00 9.3826e-03 1.4428e-04 4.5033e-02 3.8649e-02 2.0248e-01
3.4765e-06 8.6234e+07 1.5300e-01 9.4132e-03 2.4774e-03 2.8370e-02 1.1283e-02 9.4218e-02
3.4866e-06 8.5984e+07 4.7576e-01 2.7267e-02 1.2424e-02 7.8339e-03 1.3276e-02 5.5198e-02
3.4967e-06 8.5735e+07 1.8628e+00 1.5156e-02 2.6832e-02 2.8574e-03 2.9181e-02 1.0330e-01
3.5068e-06 8.5488e+07 1.5505e+00 1.2564e-02 3.4882e-02 7.9177e-03 2.8935e-02 1.3917e-01
3.5169e-06 8.5242e+07 1.5888e-01 1.5046e-02 2.9541e-02 8.1774e-03 1.2755e-02 9.4659e-02
3.5270e-06 8.4998e+07 4.8021e-01 5.0642e-03 1.5824e-02 2.9794e-03 2.7004e-03 3.0239e-02
3.5371e-06 8.4755e+07 1.8962e+00 6.6638e-02 4.7378e-03 3.2891e-03 4.5786e-03 2.7359e-02
3.5473e-06 8.4514e+07 1.5857e+00 2.4443e-01 1.4166e-03 1.4579e-02 4.9758e-03 5.8131e-02
3.5574e-06 8.4274e+07 1.6500e-01 3.6642e-01 2.4849e-03 3.1157e-02 9.6175e-04 5.0533e-02
3.5675e-06 8.4035e+07 4.8490e-01 2.6113e-01 3.0988e-03 4.2710e-02 6.4081e-03 2.8246e-02
3.5776e-06 8.3798e+07 1.9310e+00 6.1762e-02 2.2352e-03 4.1271e-02 2.4980e-02 7.1780e-02
3.5877e-06 8.3562e+07 1.6224e+00 1.3374e-02 1.1612e-03 2.6656e-02 3.9280e-02 1.6331e-01
3.5978e-06 8.3327e+07 1.7138e-01 8.3667e-02 4.8798e-04 9.0226e-03 3.6687e-02 1.9375e-01
3.6079e-06 8.3094e+07 4.8984e-01 9.0473e-02 1.0264e-04 1.3124e-03 2.8126e-02 1.3346e-01
3.6180e-06 8.2861e+07 1.9673e+00 1.0049e-01 1.0860e-05 6.0764e-03 2.7420e-02 7.5362e-02
3.6281e-06 8.2631e+07 1.6605e+00 3.0084e-01 1.1894e-04 1.4018e-02 2.6975e-02 7.9086e-02
3.6382e-06 8.2401e+07 1.7803e-01 5.5119e-01 1.2599e-04 1.6413e-02 1.3858e-02 9.4204e-02
3.6483e-06 8.2173e+07 4.9505e-01 5.2285e-01 2.4440e-05 1.3115e-02 7.4217e-04 8.8666e-02
3.6584e-06 8.1946e+07 2.0051e+00 2.7379e-01 6.2912e-05 8.1503e-03 1.4283e-02 1.2410e-01
3.6685e-06 8.1720e+07 1.7002e+00 2.0097e-01 3.0974e-04 4.8631e-03 5.0509e-02 2.1880e-01
3.6786e-06 8.1496e+07 1.8496e-01 3.6997e-01 7.1503e-04 5.7609e-03 6.9155e-02 2.5958e-01
3.6887e-06 8.1272e+07 5.0054e-01 4.0119e-01 1.1012e-03 9.2040e-03 4.6801e-02 1.7121e-01
3.6988e-06 8.1050e+07 2.0445e+00 1.5396e-01 1.0444e-03 7.7904e-03 1.3523e-02 7.1046e-02
3.7090e-06 8.0829e+07 1.7416e+00 6.8955e-03 1.3681e-03 1.2012e-03 1.3849e-02 1.0831e-01
3.7191e-06 8.0610e+07 1.9220e-01 2.2090e-01 5.9402e-03 8.0374e-03 4.6042e-02 2.2751e-01
3.7292e-06 8.0391e+07 5.0632e-01 4.8996e-01 1.8500e-02 4.6316e-02 6.8182e-02 2.5570e-01
3.7393e-06 8.0174e+07 2.0856e+00 4.4351e-01 3.5118e-02 9.8446e-02 5.7327e-02 1.6961e-01
3.7494e-06 7.9958e+07 1.7847e+00 2.1218e-01 4.3278e-02 1.1732e-01 3.1738e-02 9.8282e-02
3.7595e-06 7.9743e+07 1.9976e-01 1.3939e-01 3.3972e-02 8.0947e-02 1.4536e-02 9.5684e-02
3.7696e-06 7.9529e+07 5.1241e-01 2.3020e-01 1.4115e-02 2.4867e-02 8.3222e-03 1.0440e-01
3.7797e-06 7.9317e+07 2.1286e+00 2.5108e-01 1.2713e-03 2.7478e-03 1.3209e-02 1.3129e-01
3.7898e-06 7.9105e+07 1.8297e+00 1.6045e-01 4.3582e-03 2.5537e-02 3.6012e-02 2.4310e-01
3.7999e-06 7.8895e+07 2.0765e-01 9.9332e-02 1.4332e-02 5.7601e-02 6.5274e-02 3.6535e-01
3.8100e-06 7.8685e+07 5.1884e-01 1.0398e-01 1.6864e-02 6.5354e-02 6.8962e-02 3.1663e-01
3.8201e-06 7.8477e+07 2.1735e+00 1.1329e-01 9.7697e-03 4.9208e-02 4.0577e-02 1.1130e-01
3.8302e-06 7.8270e+07 1.8766e+00 1.3651e-01 2.6713e-03 2.8832e-02 1.9343e-02 6.2600e-05
3.8403e-06 7.8064e+07 2.1591e-01 1.8224e-01 1.9897e-03 1.6779e-02 3.5415e-02 1.0046e-01
3.8504e-06 7.7859e+07 5.2561e-01 1.5934e-01 3.6699e-03 1.3685e-02 6.0588e-02 2.1006e-01
3.8605e-06 7.7655e+07 2.2204e+00 5.4627e-02 2.4772e-03 1.6920e-02 5.0149e-02 1.4268e-01
3.8707e-06 7.7453e+07 1.9257e+00 4.8056e-02 1.8203e-03 2.3601e-02 1.3801e-02 3.8872e-02
3.8808e-06 7.7251e+07 2.2455e-01 2.4073e-01 8.4464e-03 2.7849e-02 1.1184e-03 1.2543e-01
3.8909e-06 7.7050e+07 5.3274e-01 4.3657e-01 2.0441e-02 2.2749e-02 2.6471e-02 3.3015e-01
3.9010e-06 7.6851e+07 2.2695e+00 4.1243e-01 2.8007e-02 1.0073e-02 5.4409e-02 3.9625e-01
3.9111e-06 7.6652e+07 1.9770e+00 2.3924e-01 2.7148e-02 6.8151e-03 5.8831e-02 2.8631e-01
3.9212e-06 7.6455e+07 2.3359e-01 1.1665e-01 2.5567e-02 3.1521e-02 5.1315e-02 2.0323e-01
3.9313e-06 7.6258e+07 5.4027e-01 6.5808e-02 3.0597e-02 7.5204e-02 4.4173e-02 2.3817e-01
3.9414e-06 7.6063e+07 2.3209e+00 2.1916e-02 3.6647e-02 9.6907e-02 2.9942e-02 2.5765e-01
3.9515e-06 7.5868e+07 2.0306e+00 4.7436e-02 3.1855e-02 6.8376e-02 1.1932e-02 1.7481e-01
3.9616e-06 7.5674e+07 2.4306e-01 1.8300e-01 1.5512e-02 1.7828e-02 1.3985e-02 1.0445e-01
3.9717e-06 7.5482e+07 5.4821e-01 2.5521e-01 1.5443e-03 1.5799e-03 3.9312e-02 1.5949e-01
3.9818e-06 7.5290e+07 2.3748e+00 1.2991e-01 3.3297e-03 3.0077e-02 5.5504e-02 2.6240e-01
3.9919e-06 7.5100e+07 2.0868e+00 6.6650e-03 2.0064e-02 5.5720e-02 4.3142e-02 2.6677e-01
4.0020e-06 7.4910e+07 2.5298e-01 1.3404e-01 3.9036e-02 4.5513e-02 2.5591e-02 1.5917e-01
4.0121e-06 7.4721e+07 5.5659e-01 3.5837e-01 4.6669e-02 2.6952e-02 2.5912e-02 5.0167e-02
4.0222e-06 7.4534e+07 2.4313e+00 3.2952e-01 3.7426e-02 3.5772e-02 2.9582e-02 3.8837e-02
4.0324e-06 7.4347e+07 2.1456e+00 8.5165e-02 1.8657e-02 5.6105e-02 2.1936e-02 1.5233e-01
4.0425e-06 7.4161e+07 2.6340e-01 1.7630e-02 7.8940e-03 5.5392e-02 2.7498e-02 3.4804e-01
4.0526e-06 7.3976e+07 5.6543e-01 2.4002e-01 1.7221e-02 5.1065e-02 6.7765e-02 5.0816e-01
4.0627e-06 7.3792e+07 2.4906e+00 4.0437e-01 3.7028e-02 8.6644e-02 1.0627e-01 4.9638e-01
4.0728e-06 7.3609e+07 2.2073e+00 2.7810e-01 4.3696e-02 1.5077e-01 8.9611e-02 3.0392e-01
4.0829e-06 7.3427e+07 2.7433e-01 1.1729e-01 2.8163e-02 1.7741e-01 3.1848e-02 1.0536e-01
4.0930e-06 7.3245e+07 5.7477e-01 2.2891e-01 7.3338e-03 1.3470e-01 2.9122e-03 8.5526e-02
4.1031e-06 7.3065e+07 2.5528e+00 4.5966e-01 3.7044e-05 6.4691e-02 3.0791e-02 2.1862e-01
4.1132e-06 7.2885e+07 2.2721e+00 4.4189e-01 3.2475e-03 2.0152e-02 6.7004e-02 3.0278e-01
4.1233e-06 7.2707e+07 2.8582e-01 1.7682e-01 5.4593e-03 6.7449e-03 6.1989e-02 2.3128e-01
4.1334e-06 7.2529e+07 5.8463e-01 2.1626e-02 1.3495e-02 8.9961e-03 2.7864e-02 1.3399e-01
4.1435e-06 7.2352e+07 2.6182e+00 1.3509e-01 4.4370e-02 3.0516e-02 5.9408e-03 1.7920e-01
4.1536e-06 7.2176e+07 2.3401e+00 2.7396e-01 9.0867e-02 7.3715e-02 1.4590e-02 3.2518e-01
4.1637e-06 7.2001e+07 2.9790e-01 2.2282e-01 1.1740e-01 1.0830e-01 5.6413e-02 4.1049e-01
4.1738e-06 7.1827e+07 5.9506e-01 1.3184e-01 9.9722e-02 9.8820e-02 1.3545e-01 4.3882e-01
4.1839e-06 7.1653e+07 2.6870e+00 2.3006e-01 5.4177e-02 5.2745e-02 2.2632e-01 5.5703e-01
4.1940e-06 7.1480e+07 2.4116e+00 4.1278e-01 1.6675e-02 1.3353e-02 2.5891e-01 7.2168e-01
4.2042e-06 7.1309e+07 3.1062e-01 3.9450e-01 3.5850e-03 1.0561e-02 1.8875e-01 6.5917e-01
4.2143e-06 7.1138e+07 6.0610e-01 1.7606e-01 4.5371e-03 3.7061e-02 7.0151e-02 3.0765e-01
4.2244e-06 7.0967e+07 2.7594e+00 4.8229e-02 5.0810e-03 6.4133e-02 5.4618e-03 3.0103e-02
4.2345e-06 7.0798e+07 2.4868e+00 1.2581e-01 3.2146e-03 6.5723e-02 2.1264e-02 1.2461e-01
4.2446e-06 7.0629e+07 3.2401e-01 1.9755e-01 6.8071e-03 3.9392e-02 4.8581e-02 3.5277e-01
4.2547e-06 7.0462e+07 6.1777e-01 1.3307e-01 2.4400e-02 2.0427e-02 3.4944e-02 3.1284e-01
4.2648e-06 7.0295e+07 2.8357e+00 1.2077e-01 5.5969e-02 6.0819e-02 1.4192e-02 9.9089e-02
4.2749e-06 7.0129e+07 2.5661e+00 3.0801e-01 8.6025e-02 1.7074e-01 3.2137e-02 1.2781e-01
4.2850e-06 6.9963e+07 3.3814e-01 4.8609e-01 9.1735e-02 2.8801e-01 6.0711e-02 3.9913e-01
4.2951e-06 6.9799e+07 6.3013e-01 4.0390e-01 6.7343e-02 3.2859e-01 4.6269e-02 4.7649e-01
4.3052e-06 6.9635e+07 2.9162e+00 1.7442e-01 3.5367e-02 2.6788e-01 7.2763e-03 2.3914e-01
4.3153e-06 6.9472e+07 2.6496e+00 6.3963e-02 2.2283e-02 1.5785e-01 9.2376e-03 8.3314e-02
4.3254e-06 6.9309e+07 3.5304e-01 6.4117e-02 2.7045e-02 6.7775e-02 5.3136e-02 2.1211e-01
4.3355e-06 6.9148e+07 6.4324e-01 1.9889e-02 2.6855e-02 2.5214e-02 6.7904e-02 2.9529e-01
4.3456e-06 6.8987e+07 3.0011e+00 2.6083e-02 1.2227e-02 1.4041e-02 2.7825e-02 1.1651e-01
4.3557e-06 6.8827e+07 2.7378e+00 2.8162e-01 2.4312e-04 9.8364e-03 7.1372e-04 1.5315e-02
4.3659e-06 6.8668e+07 3.6879e-01 6.2613e-01 8.6135e-03 5.6424e-03 4.0975e-02 2.8585e-01
4.3760e-06 6.8509e+07 6.5714e-01 6.6100e-01 3.0473e-02 1.1300e-02 1.0009e-01 6.0777e-01
4.3861e-06 6.8351e+07 3.0909e+00 3.4549e-01 4.4489e-02 3.9960e-02 1.0075e-01 5.5243e-01
4.3962e-06 6.8194e+07 2.8309e+00 6.3930e-02 4.2073e-02 9.6985e-02 5.1644e-02 2.6715e-01
4.4063e-06 6.8038e+07 3.8544e-01 4.7297e-02 3.4588e-02 1.7384e-01 2.0444e-02 1.4776e-01
4.4164e-06 6.7882e+07 6.7189e-01 1.1990e-01 3.6487e-02 2.4572e-01 2.4163e-02 1.6965e-01
4.4265e-06 6.7727e+07 3.1859e+00 1.0054e-01 4.9143e-02 2.8031e-01 2.2061e-02 9.1616e-02
4.4366e-06 6.7573e+07 2.9294e+00 6.5589e-02 6.1434e-02 2.6114e-01 3.8775e-03 2.9455e-02
4.4467e-06 6.7419e+07 4.0308e-01 9.3281e-02 6.1408e-02 2.0254e-01 6.5039e-03 2.2466e-01
4.4568e-06 6.7266e+07 6.8756e-01 1.1327e-01 4.6849e-02 1.3235e-01 3.6774e-02 4.6742e-01
4.4669e-06 6.7114e+07 3.2865e+00 1.4712e-01 2.8576e-02 7.0240e-02 5.1214e-02 3.8289e-01
4.4770e-06 6.6962e+07 3.0338e+00 3.4160e-01 2.5872e-02 4.5526e-02 3.3678e-02 1.3694e-01
4.4871e-06 6.6812e+07 4.2176e-01 6.1517e-01 5.4894e-02 1.1379e-01 2.8079e-02 2.0711e-01
4.4972e-06 6.6662e+07 7.0423e-01 6.4127e-01 1.1266e-01 2.8954e-01 6.3306e-02 5.4456e-01
4.5073e-06 6.6512e+07 3.3931e+00 3.7143e-01 1.6767e-01 4.5684e-01 1.0232e-01 6.3244e-01
4.5174e-06 6.6363e+07 3.1444e+00 2.0863e-01 1.7579e-01 4.4488e-01 1.0275e-01 3.5365e-01
4.5276e-06 6.6215e+07 4.4160e-01 4.2112e-01 1.2192e-01 2.5351e-01 7.8310e-02 1.2693e-01
4.5377e-06 6.6068e+07 7.2198e-01 7.2131e-01 4.6055e-02 1.0862e-01 5.9584e-02 1.4025e-01
4.5478e-06 6.5921e+07 3.5063e+00 7.0788e-01 9.1916e-03 1.8096e-01 4.0539e-02 1.2744e-01
4.5579e-06 6.5775e+07 3.2617e+00 4.3151e-01 2.5493e-02 3.2910e-01 1.1392e-02 1.3295e-02
4.5680e-06 6.5629e+07 4.6267e-01 2.1341e-01 4.7724e-02 2.9053e-01 1.4948e-03 9.7254e-02
4.5781e-06 6.5484e+07 7.4088e-01 1.4787e-01 3.3770e-02 9.1395e-02 3.2240e-02 4.0177e-01
4.5882e-06 6.5340e+07 3.6267e+00 1.1319e-01 4.4164e-03 4.0989e-02 6.1803e-02 4.9647e-01
4.5983e-06 6.5196e+07 3.3865e+00 9.2986e-02 7.2964e-03 2.6669e-01 4.1858e-02 2.4150e-01
4.6084e-06 6.5053e+07 4.8509e-01 1.5680e-01 4.1315e-02 4.8894e-01 4.9328e-03 9.0101e-02
4.6185e-06 6.4911e+07 7.6105e-01 2.3016e-01 5.8251e-02 4.1094e-01 2.2617e-02 3.1946e-01
4.6286e-06 6.4769e+07 3.7548e+00 1.7503e-01 3.6740e-02 1.4305e-01 8.7392e-02 5.3733e-01
4.6387e-06 6.4628e+07 3.5193e+00 4.4129e-02 9.7965e-03 1.6656e-02 1.1462e-01 3.6156e-01
4.6488e-06 6.4488e+07 5.0897e-01 2.2627e-02 7.2632e-03 9.7401e-02 7.1026e-02 8.3452e-02
4.6589e-06 6.4348e+07 7.8260e-01 1.4684e-01 1.3863e-02 1.5238e-01 2.4243e-02 1.7908e-01
4.6690e-06 6.4209e+07 3.8913e+00 2.6015e-01 7.9058e-03 6.5428e-02 3.6002e-02 5.4999e-01
4.6791e-06 6.4070e+07 3.6608e+00 2.3442e-01 3.1645e-03 7.9361e-04 7.3804e-02 7.3415e-01
4.6892e-06 6.3932e+07 5.3445e-01 1.1225e-01 1.8043e-02 9.0675e-02 7.5016e-02 6.0041e-01
4.6994e-06 6.3794e+07 8.0564e-01 3.2375e-02 3.3613e-02 2.0729e-01 4.7027e-02 4.0094e-01
4.7095e-06 6.3657e+07 4.0370e+00 6.8206e-02 2.3566e-02 1.8098e-01 4.5864e-02 3.3096e-01
4.7196e-06 6.3521e+07 3.8119e+00 1.3758e-01 3.8933e-03 6.4786e-02 8.4242e-02 3.9337e-01
4.7297e-06 6.3385e+07 5.6167e-01 1.1133e-01 7.3072e-03 2.1574e-02 1.1727e-01 5.3089e-01
4.7398e-06 6.3250e+07 8.3031e-01 5.3825e-02 2.3910e-02 7.3416e-02 1.0944e-01 6.1098e-01
4.7499e-06 6.3116e+07 4.1928e+00 2.1555e-01 1.9357e-02 1.3039e-01 7.1057e-02 4.6675e-01
4.7600e-06 6.2982e+07 3.9734e+00 6.3556e-01 5.4644e-03 1.8360e-01 3.1777e-02 1.8193e-01
4.7701e-06 6.2848e+07 5.9080e-01 9.3260e-01 3.2467e-02 2.9369e-01 1.3664e-02 9.7925e-02
4.7802e-06 6.2715e+07 8.5676e-01 7.6431e-01 9.9716e-02 4.2210e-01 2.6607e-02 3.1763e-01
4.7903e-06 6.2583e+07 4.3595e+00 3.3302e-01 1.3415e-01 4.3739e-01 5.8664e-02 4.9432e-01
4.8004e-06 6.2451e+07 4.1464e+00 8.9362e-02 8.9351e-02 3.0102e-01 7.4977e-02 3.6898e-01
4.8105e-06 6.2320e+07 6.2202e-01 9.5790e-02 1.8349e-02 1.2393e-01 5.5188e-02 1.8994e-01
4.8206e-06 6.2189e+07 8.8517e-01 1.2601e-01 4.0349e-03 2.0437e-02 2.3966e-02 2.6875e-01
4.8307e-06 6.2059e+07 4.5384e+00 2.3778e-01 4.9138e-02 5.0415e-03 1.4258e-02 4.3187e-01
4.8408e-06 6.1930e+07 4.3319e+00 6.5132e-01 8.3688e-02 4.6261e-02 1.5985e-02 3.2992e-01
4.8509e-06 6.1801e+07 6.5554e-01 1.1056e+00 6.4933e-02 1.2054e-01 4.6994e-03 6.3959e-02
4.8611e-06 6.1672e+07 9.1574e-01 1.0256e+00 2.1876e-02 1.8298e-01 5.6830e-03 5.0332e-02
4.8712e-06 6.1544e+07 4.7305e+00 4.4728e-01 2.7677e-03 1.7323e-01 6.5153e-02 3.6956e-01
4.8813e-06 6.1417e+07 4.5312e+00 9.7522e-02 1.9041e-02 9.3569e-02 1.5481e-01 6.6373e-01
4.8914e-06 6.1290e+07 6.9159e-01 3.3188e-01 4.8537e-02 1.9349e-02 1.7966e-01 6.6598e-01
4.9015e-06 6.1164e+07 9.4867e-01 6.3963e-01 6.4588e-02 3.3807e-04 1.0874e-01 4.9506e-01
4.9116e-06 6.1038e+07 4.9373e+00 5.0742e-01 5.3220e-02 8.4882e-03 2.7536e-02 3.8471e-01
4.9217e-06 6.0912e+07 4.7458e+00 1.5153e-01 2.2784e-02 5.9322e-03 1.5951e-02 3.7207e-01
4.9318e-06 6.0788e+07 7.3044e-01 4.4695e-03 1.5379e-03 7.7346e-05 4.0961e-02 3.3705e-01
4.9419e-06 6.0663e+07 9.8421e-01 3.5240e-02 7.8370e-03 2.2725e-03 3.2656e-02 2.1893e-01
4.9520e-06 6.0540e+07 5.1603e+00 2.0992e-02 2.3384e-02 7.2269e-04 4.1099e-03 1.1215e-01
4.9621e-06 6.0416e+07 4.9773e+00 1.7537e-02 1.8174e-02 1.8040e-02 1.0025e-02 1.4115e-01
4.9722e-06 6.0293e+07 7.7239e-01 1.2624e-01 1.0304e-03 1.3145e-01 3.4056e-02 2.5507e-01
4.9823e-06 6.0171e+07 1.0227e+00 2.1926e-01 1.5973e-02 3.7448e-01 2.3056e-02 2.6366e-01
4.9924e-06 6.0049e+07 5.4013e+00 2.8826e-01 7.9557e-02 6.6205e-01 8.7671e-03 1.6679e-01
5.0025e-06 5.9928e+07 5.2276e+00 6.1779e-01 1.4906e-01 8.7491e-01 7.6319e-02 2.5228e-01
5.0126e-06 5.9807e+07 8.1778e-01 1.2085e+00 1.6975e-01 9.8782e-01 2.0686e-01 6.4344e-01
5.0228e-06 5.9687e+07 1.0643e+00 1.4977e+00 1.3475e-01 1.0535e+00 2.7150e-01 9.8759e-01
5.0329e-06 5.9567e+07 5.6622e+00 1.1112e+00 8.1088e-02 1.0821e+00 2.1320e-01 9.6216e-01
5.0430e-06 5.9448e+07 5.4987e+00 4.5905e-01 4.2084e-02 1.0061e+00 1.2295e-01 8.3593e-01
5.0531e-06 5.9329e+07 8.6700e-01 1.2294e-01 2.3202e-02 7.7635e-01 8.8429e-02 9.9284e-01
5.0632e-06 5.9210e+07 1.1096e+00 8.4669e-02 1.5177e-02 4.4961e-01 7.7952e-02 1.1430e+00
5.0733e-06 5.9092e+07 5.9455e+00 3.7855e-02 1.0425e-02 1.6436e-01 4.2410e-02 7.6291e-01
5.0834e-06 5.8975e+07 5.7931e+00 1.3625e-02 6.2418e-03 3.5208e-02 2.4914e-02 1.8611e-01
5.0935e-06 5.8858e+07 9.2050e-01 1.5016e-01 3.7926e-03 5.7156e-02 7.0955e-02 2.8588e-01
5.1036e-06 5.8741e+07 1.1588e+00 2.4924e-01 5.4004e-03 1.0740e-01 1.1628e-01 9.8061e-01
5.1137e-06 5.8625e+07 6.2536e+00 1.4257e-01 8.6943e-03 7.6044e-02 8.1521e-02 1.1564e+00
5.1238e-06 5.8510e+07 6.1136e+00 1.4060e-01 7.5556e-03 6.5760e-03 1.8995e-02 4.5604e-01
5.1339e-06 5.8394e+07 9.7880e-01 5.2680e-01 2.5283e-03 4.5846e-02 4.0304e-02 4.0338e-03
5.1440e-06 5.8280e+07 1.2125e+00 9.3282e-01 2.7309e-03 2.2255e-01 1.3121e-01 6.3610e-01
5.1541e-06 5.8165e+07 6.5898e+00 8.3507e-01 1.1727e-02 3.6582e-01 1.6479e-01 1.4547e+00
5.1642e-06 5.8052e+07 6.4634e+00 4.0695e-01 1.9702e-02 3.2972e-01 9.3712e-02 1.1981e+00
5.1743e-06 5.7938e+07 1.0425e+00 2.4922e-01 1.7023e-02 2.0964e-01 1.4535e-02 2.6734e-01
5.1845e-06 5.7825e+07 1.2713e+00 4.6038e-01 7.7936e-03 1.9016e-01 2.3496e-02 1.1729e-01
5.1946e-06 5.7713e+07 6.9574e+00 5.8203e-01 1.7326e-03 2.4149e-01 1.0135e-01 1.0301e+00
5.2047e-06 5.7601e+07 6.8462e+00 3.7049e-01 2.9974e-04 1.7889e-01 1.6656e-01 1.7966e+00
5.2148e-06 5.7489e+07 1.1123e+00 8.3789e-02 5.7657e-04 2.6246e-02 1.7172e-01 1.5800e+00
5.2249e-06 5.7378e+07 1.3357e+00 1.6198e-02 5.5645e-03 5.5925e-02 1.2427e-01 9.1971e-01
5.2350e-06 5.7267e+07 7.3607e+00 1.4937e-01 1.7997e-02 3.4898e-01 6.4312e-02 6.2799e-01
5.2451e-06 5.7157e+07 7.2664e+00 2.7429e-01 2.8261e-02 5.7031e-01 3.7312e-02 6.6287e-01
5.2552e-06 5.7047e+07 1.1890e+00 2.3296e-01 2.3057e-02 4.1642e-01 5.4375e-02 5.7118e-01
5.2653e-06 5.6937e+07 1.4067e+00 9.7116e-02 6.9957e-03 9.9224e-02 8.4047e-02 3.7437e-01
5.2754e-06 5.6828e+07 7.8045e+00 1.6204e-01 1.6980e-03 6.5890e-02 1.0466e-01 4.2833e-01
5.2855e-06 5.6720e+07 7.7291e+00 5.3861e-01 1.6720e-02 3.3379e-01 1.2648e-01 7.1969e-01
5.2956e-06 5.6611e+07 1.2735e+00 8.0519e-01 3.2235e-02 4.8117e-01 1.3449e-01 8.2242e-01
5.3057e-06 5.6504e+07 1.4849e+00 5.2880e-01 2.4203e-02 3.1759e-01 8.4448e-02 5.4089e-01
5.3158e-06 5.6396e+07 8.2943e+00 8.0886e-02 3.5762e-03 1.5804e-01 1.1556e-02 2.5016e-01
5.3259e-06 5.6289e+07 8.2404e+00 2.2867e-01 1.0596e-02 2.6952e-01 4.3544e-02 4.0206e-01
5.3360e-06 5.6183e+07 1.3670e+00 8.6419e-01 5.7666e-02 4.2400e-01 2.0802e-01 8.3860e-01
5.3461e-06 5.6076e+07 1.5716e+00 1.0460e+00 9.6396e-02 3.1071e-01 3.3219e-01 9.6185e-01
5.3563e-06 5.5971e+07 8.8371e+00 5.3109e-01 7.6201e-02 1.1879e-01 2.7290e-01 6.8550e-01
5.3664e-06 5.5865e+07 8.8073e+00 2.2414e-01 3.7311e-02 3.0047e-01 1.4435e-01 7.0508e-01
5.3765e-06 5.5760e+07 1.4709e+00 6.5567e-01 9.7728e-02 8.6922e-01 1.3673e-01 1.3709e+00
5.3866e-06 5.5656e+07 1.6679e+00 1.0935e+00 3.0846e-01 1.3409e+00 2.0172e-01 1.8380e+00
5.3967e-06 5.5551e+07 9.4406e+00 8.3423e-01 5.4964e-01 1.3801e+00 1.5374e-01 1.2172e+00
5.4068e-06 5.5447e+07 9.4383e+00 3.4956e-01 6.2853e-01 1.1463e+00 2.5960e-02 2.0357e-01
5.4169e-06 5.5344e+07 1.5866e+00 3.2852e-01 4.8364e-01 9.2534e-01 4.1161e-02 3.2403e-01
5.4270e-06 5.5241e+07 1.7754e+00 5.1182e-01 2.4285e-01 7.4802e-01 2.2096e-01 1.5972e+00
5.4371e-06 5.5138e+07 1.0114e+01 3.6410e-01 7.0037e-02 5.1966e-01 3.2305e-01 2.3545e+00
5.4472e-06 5.5036e+07 1.0144e+01 6.8425e-02 8.3654e-03 2.6535e-01 2.3900e-01 1.7031e+00
5.4573e-06 5.4934e+07 1.7161e+00 1.1602e-02 1.6758e-04 7.4698e-02 1.6357e-01 7.0398e-01
5.4674e-06 5.4833e+07 1.8959e+00 1.2481e-01 1.9935e-03 6.3600e-03 2.4350e-01 4.8545e-01
5.4775e-06 5.4731e+07 1.0870e+01 4.7550e-01 1.9757e-02 1.9339e-01 3.3046e-01 6.5536e-01
5.4876e-06 5.4631e+07 1.0936e+01 1.4552e+00 5.9536e-02 8.0906e-01 2.5791e-01 5.1431e-01
5.4977e-06 5.4530e+07 1.8618e+00 2.5807e+00 1.0947e-01 1.7078e+00 1.2658e-01 4.5244e-01
5.5078e-06 5.4430e+07 2.0315e+00 2.4511e+00 1.6829e-01 2.2947e+00 1.0739e-01 9.2560e-01
5.5180e-06 5.4330e+07 1.1722e+01 9.7446e-01 2.3917e-01 2.0522e+00 1.5317e-01 1.2396e+00
5.5281e-06 5.4231e+07 1.1829e+01 1.2598e-01 2.8974e-01 1.1472e+00 1.2299e-01 7.1502e-01
5.5382e-06 5.4132e+07 2.0264e+00 1.0608e+00 2.6679e-01 2.8882e-01 3.8128e-02 5.7454e-02
5.5483e-06 5.4033e+07 2.1849e+00 2.0823e+00 1.6907e-01 4.1748e-04 4.0791e-03 1.8825e-01
5.5584e-06 5.3935e+07 1.2686e+01 1.3770e+00 7.1266e-02 2.0689e-01 9.7395e-03 6.4787e-01
5.5685e-06 5.3837e+07 1.2843e+01 1.8409e-01 5.2810e-02 4.9975e-01 1.0125e-03 5.8135e-01
5.5786e-06 5.3740e+07 2.2134e+00 7.3882e-01 1.1697e-01 5.9616e-01 2.7934e-02 3.7199e-01
5.5887e-06 5.3643e+07 2.3594e+00 2.3079e+00 1.8882e-01 4.8906e-01 1.2781e-01 7.5299e-01
5.5988e-06 5.3546e+07 1.3785e+01 2.2879e+00 1.8618e-01 2.9979e-01 1.8875e-01 1.1990e+00
5.6089e-06 5.3449e+07 1.3999e+01 6.4997e-01 1.0793e-01 1.1405e-01 1.1911e-01 8.7678e-01
5.6190e-06 5.3353e+07 2.4271e+00 8.1468e-02 7.4017e-02 7.8851e-03 2.3774e-02 3.5968e-01
5.6291e-06 5.3257e+07 2.5591e+00 1.6023e+00 2.4374e-01 2.1603e-01 2.8191e-02 6.4029e-01
5.6392e-06 5.3162e+07 1.5044e+01 3.1030e+00 6.2857e-01 1.0764e+00 7.7716e-02 1.2679e+00
5.6493e-06 5.3067e+07 1.5326e+01 2.8927e+00 9.9483e-01 2.5124e+00 1.0524e-01 1.3415e+00
5.6594e-06 5.2972e+07 2.6729e+00 1.9506e+00 1.0419e+00 3.6318e+00 2.1030e-01 1.4455e+00
5.6695e-06 5.2878e+07 2.7891e+00 1.6487e+00 7.1777e-01 3.3617e+00 4.2714e-01 2.4362e+00
5.6797e-06 5.2784e+07 1.6497e+01 1.6293e+00 2.9254e-01 1.7702e+00 5.1580e-01 3.1979e+00
5.6898e-06 5.2690e+07 1.6860e+01 1.1718e+00 7.1247e-02 3.1588e-01 3.0133e-01 2.1908e+00
5.6999e-06 5.2596e+07 2.9576e+00 6.9418e-01 9.1539e-02 2.7411e-01 5.0428e-02 5.7904e-01
5.7100e-06 5.2503e+07 3.0560e+00 6.4482e-01 1.6544e-01 1.2041e+00 1.3415e-01 8.7538e-01
5.7201e-06 5.2411e+07 1.8185e+01 5.3198e-01 1.5296e-01 1.6032e+00 4.3172e-01 2.7234e+00
5.7302e-06 5.2318e+07 1.8647e+01 1.8961e-01 8.9236e-02 9.1874e-01 4.8656e-01 3.2044e+00
5.7403e-06 5.2226e+07 3.2900e+00 5.3901e-01 6.7685e-02 1.1341e-01 2.1341e-01 1.5822e+00
5.7504e-06 5.2134e+07 3.3681e+00 1.9919e+00 1.1912e-01 1.2136e-01 1.9232e-02 4.6655e-01
5.7605e-06 5.2043e+07 2.0164e+01 3.3680e+00 2.2823e-01 5.9245e-01 1.7155e-01 1.4450e+00
5.7706e-06 5.1952e+07 2.0745e+01 3.4270e+00 3.6401e-01 6.5563e-01 4.3881e-01 2.7011e+00
5.7807e-06 5.1861e+07 3.6813e+00 2.4274e+00 4.4660e-01 2.7724e-01 4.7818e-01 2.3118e+00
5.7908e-06 5.1770e+07 3.7363e+00 1.3579e+00 3.8084e-01 1.2436e-01 2.7397e-01 1.1342e+00
5.8009e-06 5.1680e+07 2.2505e+01 6.4001e-01 2.0146e-01 3.9949e-01 6.3232e-02 7.7627e-01
5.8110e-06 5.1590e+07 2.3234e+01 3.0873e-01 1.0958e-01 6.0018e-01 4.5051e-02 1.0355e+00
5.8211e-06 5.1501e+07 4.1467e+00 5.3939e-01 2.5570e-01 4.4530e-01 2.3623e-01 1.0730e+00
5.8312e-06 5.1411e+07 4.1751e+00 1.3133e+00 5.1987e-01 3.6202e-01 4.4682e-01 1.2133e+00
5.8413e-06 5.1322e+07 2.5302e+01 2.1944e+00 6.2155e-01 7.9264e-01 4.2370e-01 1.9815e+00
5.8515e-06 5.1234e+07 2.6216e+01 2.7375e+00 4.4974e-01 1.4601e+00 1.9496e-01 2.9089e+00
5.8616e-06 5.1145e+07 4.7061e+00 2.6189e+00 1.7675e-01 1.6781e+00 1.3074e-01 3.4648e+00
5.8717e-06 5.1057e+07 4.7038e+00 1.6652e+00 2.0454e-02 1.1989e+00 3.9775e-01 3.6417e+00
5.8818e-06 5.0970e+07 2.8683e+01 5.4387e-01 7.7516e-03 4.6110e-01 5.8929e-01 3.0235e+00
5.8919e-06 5.0882e+07 2.9833e+01 7.3889e-01 4.1308e-02 5.5225e-02 3.3813e-01 1.3773e+00
5.9020e-06 5.0795e+07 5.3869e+00 2.6206e+00 9.7432e-02 1.7895e-01 6.1184e-02 5.9868e-01
5.9121e-06 5.0708e+07 5.3492e+00 4.3490e+00 2.2780e-01 6.4048e-01 4.4823e-01 3.1146e+00
5.9222e-06 5.0622e+07 3.2825e+01 4.1771e+00 3.9986e-01 1.1760e+00 1.3227e+00 7.4392e+00
5.9323e-06 5.0536e+07 3.4279e+01 2.8384e+00 4.7959e-01 1.5772e+00 1.7900e+00 8.8304e+00
5.9424e-06 5.0450e+07 6.2272e+00 1.9235e+00 4.2062e-01 1.6109e+00 1.5672e+00 6.0241e+00
5.9525e-06 5.0364e+07 6.1485e+00 1.3368e+00 3.7503e-01 1.1307e+00 1.3082e+00 3.5330e+00
5.9626e-06 5.0279e+07 3.7975e+01 7.3271e-01 5.2732e-01 3.9712e-01 1.3894e+00 4.7345e+00
5.9727e-06 5.0194e+07 3.9832e+01 1.7417e+00 8.4048e-01 1.0662e-02 1.2937e+00 6.5557e+00
5.9828e-06 5.0109e+07 7.2814e+00 5.3678e+00 1.0419e+00 2.4937e-01 6.6406e-01 4.7264e+00
5.9929e-06 5.0024e+07 7.1552e+00 8.5630e+00 8.9706e-01 6.5750e-01 8.6141e-02 9.7316e-01
6.0030e-06 4.9940e+07 4.4494e+01 7.4940e+00 4.7623e-01 6.2273e-01 1.4447e-01 2.9481e-01
6.0132e-06 4.9856e+07 4.6895e+01 3.3589e+00 1.0389e-01 2.0767e-01 4.5756e-01 3.2893e+00
6.0233e-06 4.9772e+07 8.6293e+00 6.2068e-01 1.9793e-02 8.4557e-03 4.5795e-01 6.1056e+00
6.0334e-06 4.9689e+07 8.4485e+00 3.1579e-01 1.3351e-01 3.1586e-01 4.5132e-01 6.7000e+00
6.0435e-06 4.9606e+07 5.2916e+01 1.5406e-01 1.8368e-01 8.7772e-01 9.2081e-01 6.2628e+00
6.0536e-06 4.9523e+07 5.6072e+01 4.7248e-01 1.0003e-01 1.3661e+00 1.3462e+00 5.1834e+00
6.0637e-06 4.9441e+07 1.0392e+01 3.7292e+00 5.1994e-02 1.5546e+00 9.1942e-01 2.6597e+00
6.0738e-06 4.9358e+07 1.0149e+01 7.8503e+00 1.1170e-01 1.2478e+00 1.2537e-01 4.4084e-01
6.0839e-06 4.9276e+07 6.4067e+01 7.3540e+00 1.0903e-01 7.5583e-01 2.7348e-01 2.0092e+00
6.0940e-06 4.9195e+07 6.8309e+01 2.8202e+00 1.0489e-02 1.1272e+00 1.4265e+00 6.9203e+00
6.1041e-06 4.9113e+07 1.2759e+01 1.7133e+00 1.9846e-01 2.7826e+00 2.1239e+00 1.0154e+01
6.1142e-06 4.9032e+07 1.2450e+01 6.6151e+00 9.5859e-01 4.1569e+00 1.5037e+00 8.5905e+00
6.1243e-06 4.8951e+07 7.9276e+01 1.0157e+01 1.7681e+00 3.3937e+00 4.6910e-01 4.6552e+00
6.1344e-06 4.8870e+07 8.5141e+01 6.5174e+00 1.6749e+00 1.5497e+00 1.6372e-01 2.2096e+00
6.1445e-06 4.8790e+07 1.6046e+01 1.1500e+00 6.4121e-01 1.8682e+00 4.0666e-01 2.2060e+00
6.1546e-06 4.8710e+07 1.5672e+01 2.6571e+00 1.3851e-02 4.9242e+00 4.8750e-01 3.8026e+00
6.1647e-06 4.8630e+07 1.0079e+02 1.0108e+01 1.1204e+00 7.0069e+00 5.7048e-01 6.3259e+00
6.1749e-06 4.8551e+07 1.0921e+02 1.5343e+01 3.5982e+00 5.2917e+00 1.2034e+00 8.3591e+00
6.1850e-06 4.8471e+07 2.0800e+01 1.4459e+01 5.6443e+00 2.2370e+00 2.0544e+00 8.1668e+00
6.1951e-06 4.8392e+07 2.0386e+01 1.0528e+01 5.8910e+00 1.8483e+00 2.3206e+00 6.8795e+00
6.2052e-06 4.8313e+07 1.3268e+02 7.1532e+00 4.5682e+00 3.5285e+00 2.0261e+00 7.7519e+00
6.2153e-06 4.8235e+07 1.4538e+02 5.1014e+00 2.8266e+00 3.6785e+00 1.7606e+00 1.0297e+01
6.2254e-06 4.8156e+07 2.8049e+01 4.2057e+00 1.4869e+00 2.3040e+00 1.4625e+00 9.8473e+00
6.2355e-06 4.8078e+07 2.7684e+01 4.3641e+00 6.8400e-01 3.0564e+00 8.1854e-01 6.4013e+00
6.2456e-06 4.8001e+07 1.8291e+02 5.1833e+00 2.6381e-01 6.3816e+00 6.0048e-01 7.9983e+00
6.2557e-06 4.7923e+07 2.0339e+02 6.4078e+00 8.9656e-02 7.8472e+00 1.7771e+00 1.8257e+01
6.2658e-06 4.7846e+07 3.9915e+01 7.1786e+00 7.7613e-02 5.0409e+00 3.2286e+00 2.6081e+01
6.2759e-06 4.7769e+07 3.9882e+01 5.4569e+00 1.6366e-01 1.3036e+00 2.7401e+00 1.9914e+01
6.2860e-06 4.7692e+07 2.6888e+02 1.9854e+00 2.2611e-01 5.2592e-02 9.9720e-01 1.0133e+01
6.2961e-06 4.7615e+07 3.0531e+02 2.3860e+00 1.3934e-01 1.6834e-01 1.5192e+00 1.9604e+01
6.3062e-06 4.7539e+07 6.1365e+01 8.4439e+00 1.5412e-01 4.9141e-01 4.6830e+00 4.6618e+01
6.3163e-06 4.7463e+07 6.2626e+01 1.1646e+01 9.8441e-01 3.9916e+00 5.6233e+00 5.8834e+01
6.3264e-06 4.7387e+07 4.3495e+02 6.8145e+00 2.8773e+00 1.2227e+01 2.3613e+00 4.1410e+01
6.3366e-06 4.7312e+07 5.1011e+02 5.7277e+00 4.7222e+00 1.9394e+01 2.3166e+00 2.9806e+01
6.3467e-06 4.7236e+07 1.0645e+02 1.8599e+01 5.0965e+00 1.8158e+01 1.3086e+01 6.2237e+01
6.3568e-06 4.7161e+07 1.1288e+02 3.1050e+01 4.3989e+00 9.9205e+00 2.8573e+01 1.1509e+02
6.3669e-06 4.7086e+07 8.2408e+02 3.1334e+01 4.6724e+00 5.0790e+00 3.5276e+01 1.3580e+02
6.3770e-06 4.7012e+07 1.0238e+03 4.9328e+01 6.6660e+00 1.4896e+01 3.3518e+01 1.3456e+02
6.3871e-06 4.6937e+07 2.2900e+02 1.0758e+02 8.4858e+00 4.3149e+01 3.6640e+01 1.6534e+02
6.3972e-06 4.6863e+07 2.6324e+02 1.3407e+02 8.3147e+00 7.5818e+01 4.1817e+01 1.9540e+02
6.4073e-06 4.6789e+07 2.1346e+03 4.8886e+01 7.1283e+00 7.8238e+01 2.6589e+01 1.2747e+02
6.4174e-06 4.6716e+07 3.0318e+03 4.3085e+01 7.8259e+00 3.3105e+01 6.2571e+00 9.3638e+01
6.4275e-06 4.6642e+07 8.1101e+02 6.6265e+02 1.5111e+01 1.4678e+01 8.0927e+01 6.3036e+02
6.4376e-06 4.6569e+07 1.1956e+03 2.3536e+03 3.9995e+01 1.9965e+02 3.6401e+02 2.2524e+03
6.4477e-06 4.6496e+07 1.4246e+04 4.7966e+03 9.9487e+01 7.1928e+02 8.2258e+02 4.6783e+03
6.4578e-06 4.6423e+07 3.9973e+04 6.8374e+03 1.9884e+02 1.4466e+03 1.2206e+03 6.6660e+03
6.4679e-06 4.6351e+07 6.2078e+04 7.3011e+03 3.0762e+02 1.9807e+03 1.2881e+03 6.9399e+03
6.4780e-06 4.6278e+07 6.2381e+04 5.9586e+03 3.6423e+02 1.9454e+03 9.7328e+02 5.3734e+03
6.4881e-06 4.6206e+07 4.0632e+04 3.6682e+03 3.2280e+02 1.3483e+03 4.9883e+02 3.1097e+03
6.4982e-06 4.6134e+07 1.4777e+04 1.6081e+03 2.0237e+02 6.0292e+02 1.5158e+02 1.4574e+03
6.5084e-06 4.6063e+07 1.3485e+03 4.2915e+02 8.0437e+01 1.5780e+02 3.6830e+01 8.0147e+02
6.5185e-06 4.5991e+07 7.2566e+02 6.1352e+01 2.7163e+01 1.1818e+02 5.2427e+01 6.4104e+02
6.5286e-06 4.5920e+07 2.9629e+03 9.3140e+01 4.5993e+01 2.4868e+02 6.0927e+01 4.4329e+02
6.5387e-06 4.5849e+07 2.1587e+03 1.8088e+02 8.2286e+01 2.9295e+02 2.9200e+01 1.7323e+02
6.5488e-06 4.5778e+07 2.9088e+02 1.8399e+02 8.5284e+01 2.1566e+02 2.7283e+00 4.5225e+01
6.5589e-06 4.5708e+07 2.0168e+02 1.1098e+02 5.2744e+01 1.3841e+02 7.1879e+00 8.7647e+01
6.5690e-06 4.5638e+07 9.8571e+02 3.2009e+01 1.6943e+01 1.3394e+02 2.0056e+01 1.3244e+02
6.5791e-06 4.5567e+07 8.2154e+02 2.5247e+00 1.5594e+00 1.5401e+02 1.7506e+01 8.7299e+01
6.5892e-06 4.5498e+07 1.2291e+02 1.7526e+01 2.4728e+00 1.2902e+02 5.6953e+00 2.2303e+01
6.5993e-06 4.5428e+07 9.2694e+01 3.2051e+01 4.3241e+00 6.3186e+01 4.8227e-01 1.2207e+01
6.6094e-06 4.5358e+07 4.8520e+02 2.1865e+01 1.7768e+00 1.1118e+01 2.5940e+00 3.4295e+01
6.6195e-06 4.5289e+07 4.2825e+02 4.5215e+00 9.3489e-02 1.6095e+00 3.9198e+00 4.1492e+01
6.6296e-06 4.5220e+07 6.7243e+01 2.5631e+00 2.8009e+00 1.5851e+01 3.0830e+00 3.7248e+01
6.6397e-06 4.5151e+07 5.2929e+01 1.2568e+01 6.5879e+00 2.4676e+01 3.4704e+00 3.9939e+01
6.6498e-06 4.5083e+07 2.8717e+02 1.8561e+01 7.1378e+00 1.9872e+01 4.1923e+00 3.7657e+01
6.6599e-06 4.5014e+07 2.6161e+02 1.5422e+01 4.5621e+00 9.7047e+00 2.4556e+00 1.8060e+01
6.6701e-06 4.4946e+07 4.2228e+01 8.1620e+00 1.7736e+00 2.3534e+00 2.8089e-01 1.1037e+00
6.6802e-06 4.4878e+07 3.4136e+01 1.8155e+00 4.2309e-01 1.0437e-01 1.3760e+00 6.7051e+00
6.6903e-06 4.4810e+07 1.8928e+02 7.0791e-01 9.9679e-02 1.3298e+00 4.1791e+00 1.9096e+01
6.7004e-06 4.4743e+07 1.7591e+02 7.1818e+00 4.8123e-02 2.6521e+00 4.2010e+00 1.4508e+01
6.7105e-06 4.4675e+07 2.8897e+01 1.4988e+01 6.9701e-02 1.8247e+00 1.4700e+00 1.8558e+00
6.7206e-06 4.4608e+07 2.3805e+01 1.3821e+01 1.3411e-01 2.3051e-01 1.6657e-01 5.4350e+00
6.7307e-06 4.4541e+07 1.3389e+02 4.8014e+00 1.3885e-01 5.8445e-01 1.7153e+00 2.2571e+01
6.7408e-06 4.4474e+07 1.2614e+02 7.4559e-01 8.8831e-02 2.4118e+00 3.1210e+00 2.8491e+01
6.7509e-06 4.4408e+07 2.0969e+01 6.6151e+00 6.3759e-02 2.7219e+00 2.2408e+00 1.5829e+01
6.7610e-06 4.4341e+07 1.7531e+01 1.1597e+01 6.1714e-02 9.9065e-01 5.6987e-01 2.3195e+00
6.7711e-06 4.4275e+07 9.9572e+01 7.1082e+00 1.2477e-01 5.7532e-02 1.5922e-02 5.8911e-01
6.7812e-06 4.4209e+07 9.4722e+01 9.4661e-01 4.3341e-01 1.4400e+00 2.0352e-01 3.3717e+00
6.7913e-06 4.4143e+07 1.5878e+01 4.0730e+00 9.8914e-01 2.9378e+00 1.5776e-01 1.8918e+00
6.8014e-06 4.4078e+07 1.3441e+01 1.2610e+01 1.3763e+00 2.2924e+00 1.6642e-01 3.7308e-02
6.8115e-06 4.4012e+07 7.6861e+01 1.4339e+01 1.1772e+00 7.1211e-01 6.4801e-01 3.4996e+00
6.8216e-06 4.3947e+07 7.3646e+01 7.3634e+00 5.5372e-01 8.8557e-01 9.7245e-01 8.3427e+00
6.8318e-06 4.3882e+07 1.2417e+01 9.4569e-01 1.0773e-01 3.0951e+00 6.5573e-01 8.2559e+00
6.8419e-06 4.3817e+07 1.0630e+01 4.1493e-01 1.6933e-01 5.1609e+00 4.1022e-01 4.5933e+00
6.8520e-06 4.3753e+07 6.1067e+01 1.6930e+00 4.8588e-01 5.3965e+00 9.0249e-01 2.4443e+00
6.8621e-06 4.3688e+07 5.8833e+01 8.6018e-01 6.4538e-01 4.0723e+00 1.4977e+00 2.5211e+00
6.8722e-06 4.3624e+07 9.9599e+00 2.5626e-01 5.4855e-01 2.3614e+00 1.2812e+00 2.5778e+00
6.8823e-06 4.3560e+07 8.6158e+00 2.7179e+00 3.6040e-01 1.0963e+00 5.4486e-01 2.7406e+00
6.8924e-06 4.3496e+07 4.9650e+01 5.9797e+00 2.0807e-01 5.2903e-01 2.4701e-01 4.3903e+00
6.9025e-06 4.3432e+07 4.8032e+01 6.0995e+00 9.9237e-02 5.0300e-01 5.1545e-01 6.2513e+00
6.9126e-06 4.3369e+07 8.1534e+00 3.0912e+00 3.0195e-02 7.5317e-01 6.4338e-01 5.7747e+00
6.9227e-06 4.3306e+07 7.1250e+00 5.1273e-01 1.0359e-02 1.3203e+00 3.1924e-01 3.2284e+00
6.9328e-06 4.3243e+07 4.1134e+01 1.0025e+00 1.2927e-02 2.4440e+00 1.5937e-02 1.3665e+00
6.9429e-06 4.3180e+07 3.9919e+01 3.7787e+00 1.1096e-02 3.8381e+00 1.5274e-01 1.5583e+00
6.9530e-06 4.3117e+07 6.7872e+00 5.9071e+00 3.6717e-02 4.5435e+00 5.0338e-01 2.4173e+00
6.9631e-06 4.3054e+07 5.9913e+00 5.3575e+00 1.1407e-01 3.9095e+00 6.0416e-01 2.1938e+00
6.9732e-06 4.2992e+07 3.4617e+01 2.8842e+00 1.7125e-01 2.3675e+00 3.6978e-01 1.0273e+00
6.9833e-06 4.2930e+07 3.3674e+01 7.7184e-01 1.2250e-01 9.0544e-01 9.7551e-02 4.0867e-01
6.9934e-06 4.2868e+07 5.7295e+00 5.5720e-02 2.1848e-02 1.7731e-01 3.1798e-02 1.0578e+00
7.0036e-06 4.2806e+07 5.1096e+00 4.7471e-02 1.9574e-02 4.1722e-01 1.1051e-01 1.9897e+00
7.0137e-06 4.2744e+07 2.9521e+01 2.9116e-01 1.5080e-01 1.6165e+00 1.4438e-01 1.9600e+00
7.0238e-06 4.2683e+07 2.8766e+01 1.0600e+00 2.7466e-01 3.1957e+00 1.2246e-01 1.2973e+00
7.0339e-06 4.2621e+07 4.8943e+00 1.7723e+00 2.6298e-01 3.9783e+00 1.9698e-01 1.2620e+00
7.0440e-06 4.2560e+07 4.4107e+00 1.2495e+00 1.5400e-01 3.2489e+00 3.7289e-01 1.7911e+00
7.0541e-06 4.2499e+07 2.5463e+01 1.2819e-01 6.3679e-02 1.6591e+00 4.3051e-01 1.5332e+00
7.0642e-06 4.2438e+07 2.4841e+01 5.2449e-01 3.5088e-02 4.7986e-01 2.7731e-01 4.4403e-01
7.0743e-06 4.2378e+07 4.2234e+00 2.4370e+00 5.7965e-02 1.4826e-01 1.4960e-01 2.9487e-01
7.0844e-06 4.2317e+07 3.8478e+00 3.1872e+00 1.6002e-01 1.6610e-01 2.4241e-01 1.6264e+00
7.0945e-06 4.2257e+07 2.2180e+01 1.6735e+00 3.5975e-01 2.1487e-01 3.5506e-01 2.3831e+00
7.1046e-06 4.2197e+07 2.1654e+01 3.2444e-01 5.5851e-01 5.3463e-01 2.2389e-01 1.2259e+00
7.1147e-06 4.2137e+07 3.6767e+00 1.0804e+00 6.0088e-01 1.1318e+00 2.7261e-02 1.0424e-01
7.1248e-06 4.2077e+07 3.3878e+00 2.2677e+00 4.5716e-01 1.4256e+00 1.3695e-01 1.2035e+00
7.1349e-06 4.2018e+07 1.9488e+01 1.7520e+00 2.5629e-01 1.0407e+00 4.5704e-01 3.0895e+00
7.1450e-06 4.1958e+07 1.9032e+01 6.0592e-01 1.2423e-01 3.9693e-01 5.0653e-01 2.8218e+00
7.1551e-06 4.1899e+07 3.2254e+00 8.8654e-01 7.7554e-02 1.1672e-01 2.0612e-01 7.8726e-01
7.1653e-06 4.1840e+07 3.0074e+00 1.9168e+00 9.0968e-02 2.3517e-01 7.2606e-02 1.3951e-01
7.1754e-06 4.1781e+07 1.7254e+01 1.7992e+00 1.5788e-01 3.6722e-01 4.2794e-01 1.7243e+00
7.1855e-06 4.1722e+07 1.6850e+01 9.7295e-01 2.3066e-01 3.4642e-01 8.6066e-01 2.8814e+00
7.1956e-06 4.1663e+07 2.8487e+00 1.1655e+00 2.0927e-01 3.1753e-01 8.0476e-01 1.8517e+00
7.2057e-06 4.1605e+07 2.6892e+00 2.0200e+00 8.5776e-02 4.0369e-01 3.3836e-01 3.7936e-01
7.2158e-06 4.1547e+07 1.5380e+01 1.8284e+00 2.1669e-02 6.2142e-01 1.9020e-02 6.3273e-01
7.2259e-06 4.1489e+07 1.5015e+01 7.7415e-01 1.6053e-01 9.6764e-01 1.0236e-01 1.8957e+00
7.2360e-06 4.1431e+07 2.5311e+00 4.9717e-01 4.0718e-01 1.2975e+00 3.1581e-01 2.0876e+00
7.2461e-06 4.1373e+07 2.4207e+00 1.0162e+00 5.2977e-01 1.2982e+00 3.6358e-01 1.0640e+00
7.2562e-06 4.1315e+07 1.3793e+01 9.5722e-01 4.7800e-01 9.2839e-01 3.0371e-01 5.6729e-01
7.2663e-06 4.1258e+07 1.3457e+01 4.8737e-01 4.5511e-01 7.2797e-01 3.4050e-01 1.5397e+00
7.2764e-06 4.1201e+07 2.2609e+00 1.1575e+00 6.2204e-01 1.2501e+00 4.8474e-01 2.9524e+00
7.2865e-06 4.1143e+07 2.1920e+00 2.8166e+00 8.5458e-01 2.2092e+00 5.6596e-01 3.2486e+00
7.2966e-06 4.1086e+07 1.2438e+01 3.3875e+00 8.9693e-01 2.6478e+00 4.7769e-01 2.1107e+00
7.3067e-06 4.1030e+07 1.2124e+01 2.0849e+00 6.8615e-01 2.0810e+00 2.9445e-01 6.9929e-01
7.3168e-06 4.0973e+07 2.0293e+00 5.3404e-01 4.0973e-01 1.0867e+00 1.6595e-01 4.2223e-01
7.3270e-06 4.0916e+07 1.9957e+00 2.0258e-01 2.6213e-01 5.3159e-01 1.5488e-01 1.4325e+00
7.3371e-06 4.0860e+07 1.1273e+01 7.1503e-01 2.4999e-01 5.3467e-01 1.9253e-01 2.4155e+00
7.3472e-06 4.0804e+07 1.0975e+01 1.1614e+00 2.5489e-01 5.5240e-01 1.7985e-01 2.1376e+00
7.3573e-06 4.0748e+07 1.8291e+00 1.2890e+00 2.0152e-01 2.9438e-01 1.0454e-01 9.4349e-01
7.3674e-06 4.0692e+07 1.8261e+00 1.0020e+00 1.1183e-01 8.6946e-02 3.2116e-02 1.5356e-01
7.3775e-06 4.0636e+07 1.0263e+01 3.0889e-01 3.8877e-02 2.6350e-01 4.3956e-03 2.5052e-01
7.3876e-06 4.0581e+07 9.9783e+00 3.6898e-02 5.1353e-03 5.9306e-01 1.6073e-03 5.1064e-01
7.3977e-06 4.0525e+07 1.6552e+00 1.0181e+00 1.0912e-03 5.9760e-01 7.3064e-05 3.4558e-01
7.4078e-06 4.0470e+07 1.6786e+00 2.4160e+00 9.8585e-03 2.5497e-01 5.4561e-03 5.0099e-02
7.4179e-06 4.0415e+07 9.3827e+00 2.5078e+00 2.2842e-02 5.3285e-02 1.9718e-02 4.4118e-02
7.4280e-06 4.0360e+07 9.1075e+00 1.2359e+00 4.0033e-02 3.2578e-01 3.0227e-02 2.1902e-01
7.4381e-06 4.0305e+07 1.5030e+00 2.2785e-01 5.8659e-02 8.0677e-01 3.9461e-02 3.3394e-01
7.4482e-06 4.0250e+07 1.5497e+00 1.8735e-01 6.5323e-02 1.0092e+00 5.5601e-02 3.9838e-01
7.4583e-06 4.0196e+07 8.6110e+00 2.3236e-01 4.9012e-02 8.7431e-01 5.8052e-02 4.0434e-01
7.4684e-06 4.0141e+07 8.3429e+00 6.0128e-02 2.1134e-02 7.9673e-01 2.8710e-02 2.4043e-01
7.4785e-06 4.0087e+07 1.3692e+00 5.6518e-01 7.8192e-03 1.0253e+00 2.4037e-03 3.9382e-02
7.4887e-06 4.0033e+07 1.4362e+00 1.6886e+00 1.7637e-02 1.2961e+00 1.7285e-02 7.0376e-02
7.4988e-06 3.9979e+07 7.9308e+00 1.8805e+00 3.0793e-02 1.1962e+00 4.0128e-02 2.1296e-01
7.5089e-06 3.9925e+07 7.6679e+00 7.2518e-01 2.7215e-02 7.2819e-01 3.2283e-02 1.3550e-01
7.5190e-06 3.9871e+07 1.2509e+00 3.4343e-02 1.1720e-02 3.0374e-01 5.9973e-02 2.0629e-02
7.5291e-06 3.9818e+07 1.3360e+00 1.0019e+00 1.5251e-03 2.1653e-01 2.0862e-01 3.9641e-01
7.5392e-06 3.9765e+07 7.3284e+00 2.1516e+00 1.0101e-03 3.3083e-01 3.9329e-01 1.1554e+00
7.5493e-06 3.9711e+07 7.0693e+00 1.7520e+00 2.0367e-03 3.4514e-01 4.1358e-01 1.5214e+00
7.5594e-06 3.9658e+07 1.1458e+00 6.5603e-01 1.0196e-03 1.9051e-01 2.3749e-01 1.1910e+00
7.5695e-06 3.9605e+07 1.2471e+00 7.8179e-01 1.4635e-03 3.7695e-02 7.4079e-02 7.4365e-01
7.5796e-06 3.9553e+07 6.7926e+00 1.9274e+00 3.5347e-03 9.3228e-03 8.7301e-02 6.5307e-01
7.5897e-06 3.9500e+07 6.5361e+00 2.2244e+00 3.9691e-03 4.7597e-02 1.8240e-01 6.5356e-01
7.5998e-06 3.9447e+07 1.0522e+00 1.1710e+00 4.8362e-03 5.5934e-02 1.8384e-01 4.4084e-01
7.6099e-06 3.9395e+07 1.1679e+00 1.9075e-01 1.1120e-02 3.3664e-02 9.7213e-02 2.6106e-01
7.6200e-06 3.9343e+07 6.3139e+00 2.7902e-01 1.9751e-02 2.6157e-02 5.2895e-02 3.4345e-01
7.6301e-06 3.9291e+07 6.0592e+00 8.3000e-01 2.1304e-02 3.2681e-02 7.9091e-02 4.0108e-01
7.6402e-06 3.9239e+07 9.6833e-01 9.9885e-01 1.3745e-02 2.5393e-02 8.7814e-02 2.0789e-01
7.6503e-06 3.9187e+07 1.0971e+00 8.1631e-01 5.4728e-03 8.4015e-03 4.4179e-02 1.0015e-01
7.6605e-06 3.9135e+07 5.8847e+00 5.9574e-01 2.7793e-03 3.2030e-03 5.6261e-03 3.6324e-01
7.6706e-06 3.9084e+07 5.6310e+00 3.2963e-01 2.7214e-03 9.0994e-03 5.3451e-03 6.3201e-01
7.6807e-06 3.9032e+07 8.9297e-01 7.0933e-02 1.7031e-03 2.6006e-02 1.9416e-02 4.8705e-01
7.6908e-06 3.8981e+07 1.0335e+00 9.5730e-02 4.0450e-03 8.5721e-02 4.7920e-02 2.1111e-01
7.7009e-06 3.8930e+07 5.4985e+00 3.6439e-01 1.7382e-02 2.0260e-01 1.1669e-01 3.1964e-01
7.7110e-06 3.8879e+07 5.2452e+00 4.6713e-01 4.3365e-02 3.0882e-01 1.8978e-01 6.7121e-01
7.7211e-06 3.8828e+07 8.2502e-01 3.1370e-01 7.5130e-02 3.0382e-01 1.8438e-01 7.0620e-01
7.7312e-06 3.8777e+07 9.7630e-01 2.7274e-01 9.9856e-02 1.7911e-01 9.5109e-02 3.6737e-01
7.7413e-06 3.8726e+07 5.1498e+00 4.6592e-01 1.0335e-01 4.3203e-02 1.4571e-02 1.3467e-01
7.7514e-06 3.8676e+07 4.8965e+00 5.3517e-01 7.9805e-02 7.2564e-04 3.5925e-03 2.1845e-01
7.7615e-06 3.8626e+07 7.6355e-01 3.0822e-01 4.1390e-02 4.4993e-02 2.1429e-02 3.1592e-01
7.7716e-06 3.8575e+07 9.2464e-01 1.1615e-01 1.2161e-02 9.4484e-02 1.5659e-02 2.0880e-01
7.7817e-06 3.8525e+07 4.8341e+00 1.9766e-01 6.0898e-03 1.0030e-01 3.2923e-03 8.4451e-02
7.7918e-06 3.8475e+07 4.5803e+00 3.0171e-01 1.4340e-02 8.1172e-02 1.7098e-02 1.3144e-01
7.8019e-06 3.8425e+07 7.0778e-01 1.7624e-01 1.8735e-02 7.2912e-02 3.6588e-02 2.2822e-01
7.8120e-06 3.8376e+07 8.7788e-01 1.1343e-02 1.3172e-02 8.4947e-02 2.9599e-02 2.1732e-01
7.8222e-06 3.8326e+07 4.5473e+00 6.3686e-02 5.3015e-03 1.0825e-01 1.7355e-02 1.8353e-01
7.8323e-06 3.8277e+07 4.2928e+00 1.9548e-01 1.6799e-03 1.3968e-01 3.9211e-02 2.5401e-01
7.8424e-06 3.8227e+07 6.5704e-01 1.5326e-01 2.0478e-03 1.9077e-01 8.0914e-02 3.3515e-01
7.8525e-06 3.8178e+07 8.3545e-01 4.8771e-02 9.0646e-03 2.7878e-01 9.5267e-02 2.6891e-01
7.8626e-06 3.8129e+07 4.2860e+00 1.7002e-01 3.2901e-02 3.9863e-01 8.0002e-02 1.3370e-01
7.8727e-06 3.8080e+07 4.0306e+00 4.4561e-01 7.8750e-02 4.9282e-01 7.9249e-02 1.6463e-01
7.8828e-06 3.8031e+07 6.1075e-01 4.9058e-01 1.3353e-01 4.7581e-01 1.0628e-01 3.8443e-01
7.8929e-06 3.7983e+07 7.9687e-01 2.0613e-01 1.7136e-01 3.2673e-01 1.1667e-01 5.1429e-01
7.9030e-06 3.7934e+07 4.0475e+00 3.2741e-05 1.7309e-01 1.4860e-01 7.7493e-02 3.5133e-01
7.9131e-06 3.7886e+07 3.7910e+00 2.4685e-01 1.3988e-01 8.5645e-02 2.3193e-02 9.6983e-02
7.9232e-06 3.7837e+07 5.6842e-01 7.3696e-01 9.0165e-02 1.6523e-01 1.0203e-02 1.2217e-01
7.9333e-06 3.7789e+07 7.6170e-01 9.1092e-01 4.5771e-02 2.6029e-01 3.9269e-02 4.4806e-01
7.9434e-06 3.7741e+07 3.8293e+00 5.8058e-01 1.8775e-02 2.3672e-01 6.0318e-02 6.9216e-01
7.9535e-06 3.7693e+07 3.5713e+00 1.4365e-01 7.8938e-03 1.0974e-01 4.5911e-02 5.8395e-01
7.9636e-06 3.7645e+07 5.2962e-01 9.3181e-03 6.3351e-03 1.8330e-02 2.0548e-02 2.9213e-01
7.9737e-06 3.7597e+07 7.2958e-01 8.8295e-02 1.2163e-02 6.0642e-02 1.2191e-02 1.0952e-01
7.9839e-06 3.7550e+07 3.6290e+00 7.4567e-02 2.8142e-02 1.9555e-01 1.3788e-02 6.0666e-02
7.9940e-06 3.7502e+07 3.3696e+00 5.9406e-05 5.1108e-02 3.0560e-01 1.1708e-02 3.3392e-02
8.0041e-06 3.7455e+07 4.9397e-01 1.2907e-01 6.7185e-02 3.1596e-01 1.8429e-02 6.4074e-02
8.0142e-06 3.7408e+07 7.0021e-01 3.9722e-01 6.3210e-02 2.3703e-01 4.7167e-02 2.0085e-01
8.0243e-06 3.7361e+07 3.4450e+00 4.2544e-01 4.1320e-02 1.2580e-01 7.9042e-02 2.8039e-01
8.0344e-06 3.7314e+07 3.1840e+00 1.8205e-01 1.7099e-02 3.8276e-02 8.9255e-02 1.8574e-01
8.0445e-06 3.7267e+07 4.6116e-01 1.7142e-01 3.3608e-03 4.6159e-03 8.6251e-02 1.5955e-01
8.0546e-06 3.7220e+07 6.7330e-01 7.0166e-01 8.2660e-05 1.5679e-02 8.8978e-02 4.5583e-01
8.0647e-06 3.7173e+07 3.2755e+00 1.3246e+00 2.7251e-04 3.1170e-02 8.4792e-02 8.0720e-01
8.0748e-06 3.7127e+07 3.0127e+00 1.3710e+00 1.4445e-04 2.8242e-02 5.3852e-02 7.1907e-01
8.0849e-06 3.7080e+07 4.3090e-01 8.2089e-01 9.8147e-04 5.2802e-02 1.9583e-02 2.5407e-01
8.0950e-06 3.7034e+07 6.4861e-01 2.5690e-01 4.9879e-03 1.9657e-01 2.1841e-02 3.0703e-03
8.1051e-06 3.6988e+07 3.1190e+00 7.2200e-02 1.2619e-02 4.9160e-01 4.7198e-02 2.1057e-01
8.1152e-06 3.6942e+07 2.8545e+00 1.1967e-01 2.1744e-02 8.2752e-01 4.5073e-02 4.5060e-01
8.1253e-06 3.6896e+07 4.0294e-01 1.4006e-01 2.7215e-02 1.0038e+00 1.5166e-02 3.4080e-01
8.1354e-06 3.6850e+07 6.2594e-01 1.5753e-01 2.4025e-02 8.9417e-01 1.3951e-02 8.9581e-02
8.1455e-06 3.6804e+07 2.9744e+00 3.0716e-01 1.3617e-02 5.6697e-01 5.8794e-02 6.5240e-02
8.1557e-06 3.6759e+07 2.7080e+00 5.2168e-01 4.3123e-03 2.3155e-01 9.1462e-02 2.2708e-01
8.1658e-06 3.6713e+07 3.7706e-01 5.9183e-01 2.1698e-03 5.7896e-02 6.7258e-02 3.0512e-01
8.1759e-06 3.6668e+07 6.0508e-01 4.4350e-01 3.9598e-03 4.8882e-02 2.0816e-02 2.4231e-01
8.1860e-06 3.6623e+07 2.8405e+00 2.0796e-01 3.2292e-03 8.5065e-02 3.7001e-03 1.5148e-01
8.1961e-06 3.6578e+07 2.5722e+00 4.5467e-02 9.6379e-04 7.2052e-02 1.0328e-02 7.1194e-02
8.2062e-06 3.6532e+07 3.5307e-01 2.2944e-03 4.7843e-03 2.2198e-02 1.3376e-02 3.4204e-02
8.2163e-06 3.6488e+07 5.8589e-01 5.0018e-02 1.8129e-02 3.9312e-03 2.4505e-02 1.5954e-01
8.2264e-06 3.6443e+07 2.7163e+00 1.7700e-01 3.5143e-02 5.0507e-02 6.1956e-02 4.2294e-01
8.2365e-06 3.6398e+07 2.4460e+00 3.6283e-01 4.6098e-02 1.3532e-01 9.3862e-02 5.4641e-01
8.2466e-06 3.6353e+07 3.3080e-01 4.9226e-01 4.3683e-02 2.0768e-01 7.6582e-02 3.6733e-01
8.2567e-06 3.6309e+07 5.6822e-01 4.1927e-01 2.6550e-02 2.2415e-01 2.7841e-02 1.1746e-01
8.2668e-06 3.6265e+07 2.6009e+00 1.7641e-01 5.1951e-03 1.6574e-01 2.8923e-03 8.3308e-02
8.2769e-06 3.6220e+07 2.3286e+00 7.8102e-03 3.5365e-03 6.3919e-02 1.2310e-02 1.8593e-01
8.2870e-06 3.6176e+07 3.1008e-01 7.6350e-02 4.0631e-02 1.6139e-03 1.9707e-02 1.7210e-01
8.2971e-06 3.6132e+07 5.5193e-01 2.3106e-01 1.0243e-01 4.1491e-02 1.1351e-02 4.8374e-02
8.3072e-06 3.6088e+07 2.4936e+00 2.2639e-01 1.4268e-01 1.4301e-01 1.0610e-02 2.1799e-02
8.3174e-06 3.6044e+07 2.2192e+00 9.3956e-02 1.2675e-01 1.9309e-01 2.3835e-02 1.2304e-01
8.3275e-06 3.6000e+07 2.9080e-01 7.8240e-02 7.1726e-02 1.3926e-01 2.6386e-02 1.8360e-01
8.3376e-06 3.5957e+07 5.3691e-01 2.3276e-01 2.8437e-02 5.2384e-02 1.0837e-02 1.3660e-01
8.3477e-06 3.5913e+07 2.3937e+00 3.3467e-01 2.3496e-02 2.6438e-02 2.1308e-03 9.1726e-02
8.3578e-06 3.5870e+07 2.1171e+00 2.3991e-01 3.4439e-02 5.5820e-02 1.2226e-02 1.2582e-01
8.3679e-06 3.5827e+07 2.7282e-01 7.8187e-02 2.8048e-02 6.3028e-02 1.9949e-02 1.8678e-01
8.3780e-06 3.5783e+07 5.2306e-01 8.8984e-03 6.9438e-03 2.5158e-02 1.1477e-02 2.0439e-01
8.3881e-06 3.5740e+07 2.3004e+00 6.5049e-03 2.4303e-03 8.5693e-03 7.2976e-03 1.8305e-01
8.3982e-06 3.5697e+07 2.0217e+00 1.0973e-03 2.8911e-02 7.0687e-02 3.0531e-02 2.0632e-01
8.4083e-06 3.5654e+07 2.5604e-01 2.9852e-02 6.4454e-02 1.7978e-01 7.1398e-02 3.8256e-01
8.4184e-06 3.5612e+07 5.1028e-01 1.1456e-01 7.9023e-02 2.5512e-01 9.8182e-02 6.8252e-01
8.4285e-06 3.5569e+07 2.2134e+00 1.5942e-01 6.7118e-02 2.5278e-01 8.9709e-02 8.3188e-01
8.4386e-06 3.5526e+07 1.9325e+00 1.0250e-01 4.5449e-02 1.9042e-01 5.1781e-02 5.8509e-01
8.4487e-06 3.5484e+07 2.4035e-01 2.3447e-02 3.0015e-02 1.1462e-01 1.4087e-02 1.5112e-01
8.4588e-06 3.5441e+07 4.9850e-01 7.1203e-04 2.6915e-02 6.7835e-02 8.0896e-03 4.7249e-02
8.4689e-06 3.5399e+07 2.1321e+00 2.5942e-02 3.8914e-02 6.8463e-02 3.2673e-02 3.9744e-01
8.4791e-06 3.5357e+07 1.8489e+00 1.4165e-01 6.5646e-02 9.9319e-02 4.9712e-02 7.0607e-01
8.4892e-06 3.5315e+07 2.2568e-01 4.3994e-01 9.4742e-02 1.2148e-01 3.2499e-02 5.4896e-01
8.4993e-06 3.5273e+07 4.8764e-01 7.9675e-01 1.0477e-01 1.1102e-01 5.0028e-03 1.5794e-01
8.5094e-06 3.5231e+07 2.0560e+00 8.6156e-01 8.5978e-02 7.6866e-02 6.2395e-03 5.8261e-03
8.5195e-06 3.5189e+07 1.7705e+00 5.1679e-01 5.4061e-02 4.3494e-02 3.0203e-02 1.0892e-01
8.5296e-06 3.5147e+07 2.1194e-01 1.2189e-01 3.5422e-02 3.0636e-02 3.7788e-02 1.4382e-01
8.5397e-06 3.5106e+07 4.7764e-01 5.3064e-02 3.8895e-02 4.6093e-02 1.9705e-02 4.0207e-02
8.5498e-06 3.5064e+07 1.9847e+00 2.0052e-01 4.8084e-02 7.4310e-02 5.7619e-03 8.7602e-03
8.5599e-06 3.5023e+07 1.6969e+00 2.1177e-01 4.3091e-02 7.6175e-02 1.2331e-02 9.4923e-02
8.5700e-06 3.4982e+07 1.9907e-01 5.8700e-02 2.4111e-02 3.5038e-02 2.2700e-02 1.3810e-01
8.5801e-06 3.4940e+07 4.6843e-01 7.9011e-03 8.9637e-03 2.8081e-03 2.5045e-02 1.2626e-01
8.5902e-06 3.4899e+07 1.9179e+00 1.2337e-01 1.0326e-02 5.1844e-02 2.9488e-02 1.9374e-01
8.6003e-06 3.4858e+07 1.6277e+00 1.8273e-01 2.1729e-02 1.6591e-01 3.7690e-02 2.8892e-01
8.6104e-06 3.4817e+07 1.8699e-01 9.4873e-02 2.7299e-02 2.3258e-01 3.3633e-02 2.2516e-01
8.6205e-06 3.4777e+07 4.5996e-01 4.6416e-02 2.0399e-02 1.7852e-01 1.7232e-02 5.9590e-02
8.6306e-06 3.4736e+07 1.8552e+00 1.4851e-01 8.6724e-03 6.5335e-02 1.1380e-02 4.5345e-02
8.6408e-06 3.4695e+07 1.5626e+00 2.3800e-01 2.7518e-03 4.5871e-03 2.1831e-02 1.8779e-01
8.6509e-06 3.4655e+07 1.7564e-01 1.6269e-01 4.8892e-03 1.7564e-02 2.4933e-02 2.2310e-01
8.6610e-06 3.4614e+07 4.5219e-01 2.9740e-02 9.8374e-03 3.8310e-02 1.0244e-02 8.3385e-02
8.6711e-06 3.4574e+07 1.7963e+00 1.6581e-02 1.3042e-02 2.7054e-02 3.5577e-05 4.7329e-03
8.6812e-06 3.4534e+07 1.5012e+00 1.0603e-01 1.4092e-02 9.9904e-03 8.4229e-03 9.0958e-02
8.6913e-06 3.4493e+07 1.6499e-01 1.6084e-01 1.3103e-02 1.2658e-02 1.6081e-02 1.4570e-01
8.7014e-06 3.4453e+07 4.4507e-01 1.4155e-01 8.6911e-03 2.0295e-02 7.5117e-03 6.5665e-02
8.7115e-06 3.4413e+07 1.7410e+00 1.1301e-01 2.9190e-03 1.6007e-02 3.3475e-04 4.1803e-02
8.7216e-06 3.4374e+07 1.4434e+00 1.1304e-01 5.4405e-03 8.6885e-03 1.2022e-02 1.9461e-01
8.7317e-06 3.4334e+07 1.5497e-01 1.2809e-01 2.5982e-02 1.1501e-02 2.7244e-02 3.3015e-01
8.7418e-06 3.4294e+07 4.3856e-01 1.5113e-01 5.9648e-02 3.1205e-02 2.5674e-02 2.6431e-01
8.7519e-06 3.4254e+07 1.6890e+00 1.7893e-01 8.4602e-02 7.8983e-02 1.5835e-02 1.1597e-01
8.7620e-06 3.4215e+07 1.3888e+00 1.8315e-01 8.1245e-02 1.4730e-01 1.3880e-02 6.7339e-02
8.7721e-06 3.4176e+07 1.4554e-01 1.4023e-01 5.3464e-02 1.8071e-01 1.4070e-02 7.8448e-02
8.7822e-06 3.4136e+07 4.3262e-01 6.8856e-02 2.4766e-02 1.2944e-01 8.6409e-03 5.4645e-02
8.7923e-06 3.4097e+07 1.6401e+00 1.2082e-02 1.2241e-02 3.8000e-02 1.1396e-02 6.9268e-02
8.8024e-06 3.4058e+07 1.3373e+00 3.8040e-03 1.1179e-02 1.3286e-02 3.0005e-02 1.8580e-01
8.8126e-06 3.4019e+07 1.3666e-01 4.8879e-02 8.4895e-03 8.3221e-02 3.9863e-02 2.5814e-01
8.8227e-06 3.3980e+07 4.2722e-01 1.0296e-01 2.4564e-03 1.5293e-01 2.2053e-02 1.5533e-01
8.8328e-06 3.3941e+07 1.5941e+00 1.0169e-01 1.2048e-04 1.3417e-01 4.9930e-03 2.0638e-02
8.8429e-06 3.3902e+07 1.2886e+00 6.5277e-02 1.4000e-03 5.5490e-02 2.5793e-02 5.6752e-02
8.8530e-06 3.3863e+07 1.2831e-01 1.2242e-01 3.9991e-04 3.2038e-03 6.6135e-02 1.8935e-01
8.8631e-06 3.3825e+07 4.2234e-01 3.3241e-01 3.0988e-03 1.8409e-02 7.3471e-02 2.0006e-01
8.8732e-06 3.3786e+07 1.5507e+00 5.3101e-01 2.7544e-02 1.0783e-01 3.9263e-02 8.9518e-02
8.8833e-06 3.3748e+07 1.2425e+00 4.9687e-01 7.6883e-02 2.8863e-01 8.8392e-03 4.6571e-02
8.8934e-06 3.3710e+07 1.2043e-01 2.6136e-01 1.2343e-01 5.3329e-01 1.1093e-02 1.1717e-01
8.9035e-06 3.3671e+07 4.1795e-01 9.1674e-02 1.3394e-01 7.0948e-01 2.3610e-02 1.5585e-01
8.9136e-06 3.3633e+07 1.5098e+00 1.3609e-01 1.0676e-01 6.7884e-01 1.8838e-02 9.0913e-02
8.9237e-06 3.3595e+07 1.1989e+00 2.5091e-01 7.0699e-02 4.6039e-01 4.7597e-03 1.7046e-02
8.9338e-06 3.3557e+07 1.1301e-01 2.5085e-01 4.8850e-02 2.1969e-01 6.8731e-04 1.0989e-02
8.9439e-06 3.3519e+07 4.1402e-01 1.7094e-01 3.8666e-02 8.9629e-02 3.8965e-03 3.6754e-02
8.9540e-06 3.3481e+07 1.4713e+00 1.5448e-01 3.0355e-02 6.7969e-02 2.5940e-03 5.5259e-02
8.9641e-06 3.3444e+07 1.1576e+00 2.0361e-01 2.7192e-02 9.0312e-02 2.2120e-04 7.8828e-02
8.9743e-06 3.3406e+07 1.0601e-01 2.0565e-01 3.5191e-02 1.1816e-01 5.7115e-03 9.7333e-02
8.9844e-06 3.3368e+07 4.1053e-01 1.4578e-01 4.4446e-02 1.2897e-01 1.4092e-02 7.3754e-02
8.9945e-06 3.3331e+07 1.4350e+00 1.2259e-01 3.8469e-02 9.8271e-02 1.4472e-02 2.4686e-02
9.0046e-06 3.3293e+07 1.1184e+00 1.5810e-01 1.9150e-02 3.9779e-02 7.5423e-03 3.0978e-03
9.0147e-06 3.3256e+07 9.9413e-02 1.5278e-01 5.8921e-03 8.7826e-03 1.8215e-03 7.4861e-03
9.0248e-06 3.3219e+07 4.0746e-01 7.2126e-02 7.6884e-03 2.3543e-02 2.6901e-04 2.7812e-03
9.0349e-06 3.3182e+07 1.4008e+00 3.5536e-02 1.1533e-02 3.5280e-02 3.8453e-04 6.9888e-03
9.0450e-06 3.3145e+07 1.0812e+00 1.2595e-01 5.8679e-03 1.9979e-02 9.9555e-04 5.5659e-02
9.0551e-06 3.3108e+07 9.3189e-02 2.2120e-01 1.9507e-03 4.1168e-02 2.7811e-03 1.1130e-01
9.0652e-06 3.3071e+07 4.0480e-01 1.6004e-01 1.8279e-02 1.5426e-01 8.5245e-03 1.1582e-01
9.0753e-06 3.3034e+07 1.3685e+00 2.4720e-02 5.0542e-02 2.9162e-01 2.4428e-02 9.9393e-02
9.0854e-06 3.2997e+07 1.0459e+00 7.4400e-02 7.2412e-02 3.2523e-01 5.0915e-02 1.2422e-01
9.0955e-06 3.2960e+07 8.7317e-02 3.5999e-01 6.6604e-02 2.2832e-01 7.1622e-02 1.5784e-01
9.1056e-06 3.2924e+07 4.0252e-01 5.8581e-01 4.2729e-02 9.8687e-02 6.6107e-02 1.2725e-01
9.1157e-06 3.2887e+07 1.3381e+00 4.8241e-01 2.1236e-02 2.5862e-02 3.7069e-02 6.3900e-02
9.1258e-06 3.2851e+07 1.0124e+00 1.8328e-01 1.0896e-02 1.2033e-02 1.0146e-02 5.6852e-02
9.1360e-06 3.2815e+07 8.1778e-02 4.0378e-02 8.8743e-03 3.2722e-02 2.0496e-03 8.8753e-02
9.1461e-06 3.2778e+07 4.0062e-01 1.3844e-01 1.3817e-02 9.0958e-02 4.3567e-03 6.7966e-02
9.1562e-06 3.2742e+07 1.3094e+00 2.2790e-01 2.7436e-02 1.7155e-01 4.3500e-03 8.8920e-03
9.1663e-06 3.2706e+07 9.8049e-01 1.4435e-01 4.5219e-02 2.0927e-01 4.0434e-03 1.8054e-02
9.1764e-06 3.2670e+07 7.6554e-02 3.5600e-02 5.5401e-02 1.6167e-01 8.4481e-03 9.5010e-02
9.1865e-06 3.2634e+07 3.9909e-01 7.0290e-02 4.9978e-02 7.4997e-02 1.1420e-02 1.1599e-01
9.1966e-06 3.2598e+07 1.2823e+00 1.5382e-01 3.2426e-02 2.4466e-02 7.0421e-03 4.7954e-02
9.2067e-06 3.2562e+07 9.5018e-01 1.1669e-01 1.3396e-02 1.8322e-02 2.8885e-03 1.3795e-02
9.2168e-06 3.2527e+07 7.1627e-02 1.5389e-02 2.0399e-03 1.3748e-02 7.9590e-03 8.6180e-02
9.2269e-06 3.2491e+07 3.9790e-01 2.3417e-02 1.4031e-03 1.0386e-03 1.6695e-02 1.6859e-01
9.2370e-06 3.2456e+07 1.2568e+00 1.2566e-01 8.0683e-03 8.1293e-03 1.7966e-02 1.5997e-01
9.2471e-06 3.2420e+07 9.2134e-01 1.5218e-01 1.5425e-02 3.3572e-02 1.2153e-02 1.0419e-01
9.2572e-06 3.2385e+07 6.6982e-02 6.8433e-02 2.0578e-02 4.3996e-02 7.1989e-03 8.4646e-02
9.2673e-06 3.2349e+07 3.9705e-01 1.1349e-02 2.8052e-02 4.3234e-02 4.8032e-03 8.5643e-02
9.2774e-06 3.2314e+07 1.2328e+00 4.4765e-02 4.2530e-02 7.4879e-02 2.1740e-03 5.7826e-02
9.2875e-06 3.2279e+07 8.9389e-01 8.1693e-02 5.8067e-02 1.3440e-01 9.7184e-04 2.5727e-02
9.2976e-06 3.2244e+07 6.2605e-02 6.5955e-02 6.0981e-02 1.4709e-01 3.2098e-03 2.9240e-02
9.3078e-06 3.2209e+07 3.9653e-01 4.6755e-02 4.6326e-02 7.8543e-02 4.3666e-03 3.7388e-02
9.3179e-06 3.2174e+07 1.2101e+00 4.5500e-02 2.5815e-02 1.1829e-02 1.3386e-03 1.6529e-02
9.3280e-06 3.2139e+07 8.6774e-01 2.1805e-02 1.4578e-02 5.0317e-02 6.6014e-04 1.1053e-02
9.3381e-06 3.2104e+07 5.8481e-02 1.8796e-03 1.4192e-02 1.7383e-01 7.6072e-03 5.8976e-02
9.3482e-06 3.2070e+07 3.9634e-01 6.4054e-02 1.4492e-02 2.5899e-01 1.4191e-02 9.7422e-02
9.3583e-06 3.2035e+07 1.1888e+00 1.5933e-01 9.1280e-03 2.3240e-01 1.0841e-02 5.9154e-02
9.3684e-06 3.2000e+07 8.4283e-01 1.3888e-01 2.2175e-03 1.4001e-01 3.6967e-03 3.3937e-03
9.3785e-06 3.1966e+07 5.4600e-02 2.3109e-02 7.1905e-05 6.2478e-02 5.7740e-03 3.3228e-02
9.3886e-06 3.1932e+07 3.9646e-01 3.6411e-02 3.0265e-03 2.5967e-02 1.5574e-02 1.2522e-01
9.3987e-06 3.1897e+07 1.1687e+00 2.6190e-01 7.0915e-03 1.6526e-02 1.9898e-02 1.6379e-01
9.4088e-06 3.1863e+07 8.1908e-01 4.5701e-01 8.7885e-03 2.5478e-02 1.5354e-02 1.2259e-01
9.4189e-06 3.1829e+07 5.0948e-02 3.7713e-01 6.6828e-03 4.2954e-02 1.1297e-02 8.8442e-02
9.4290e-06 3.1795e+07 3.9689e-01 1.2808e-01 2.3695e-03 4.4060e-02 1.1952e-02 1.0637e-01
9.4391e-06 3.1761e+07 1.1498e+00 1.7292e-03 1.2979e-03 2.0343e-02 1.1467e-02 1.2109e-01
9.4492e-06 3.1727e+07 7.9644e-01 6.7343e-02 7.7949e-03 1.3650e-03 8.3349e-03 9.4546e-02
9.4593e-06 3.1693e+07 4.7517e-02 1.3899e-01 1.7288e-02 1.2998e-02 9.3468e-03 7.3463e-02
9.4695e-06 3.1659e+07 3.9763e-01 9.7383e-02 1.9131e-02 3.6463e-02 1.5336e-02 9.6343e-02
9.4796e-06 3.1625e+07 1.1321e+00 3.0250e-02 1.1163e-02 4.0719e-02 1.7236e-02 1.1951e-01
9.4897e-06 3.1591e+07 7.7484e-01 3.9778e-02 6.0395e-03 3.3213e-02 1.1975e-02 9.0927e-02
9.4998e-06 3.1558e+07 4.4295e-02 8.9478e-02 1.6346e-02 4.0035e-02 9.5254e-03 3.6756e-02
9.5099e-06 3.1524e+07 3.9867e-01 9.8002e-02 3.6450e-02 5.2685e-02 1.6908e-02 1.9071e-02
9.5200e-06 3.1491e+07 1.1155e+00 6.1045e-02 4.7328e-02 4.0223e-02 2.5974e-02 4.5538e-02
9.5301e-06 3.1457e+07 7.5423e-01 2.1074e-02 3.9537e-02 9.9775e-03 2.5273e-02 6.8812e-02
9.5402e-06 3.1424e+07 4.1275e-02 8.0793e-04 2.3459e-02 9.8450e-03 1.5674e-02 5.5290e-02
9.5503e-06 3.1391e+07 4.0001e-01 1.2212e-02 1.3889e-02 5.9263e-02 6.3415e-03 2.1058e-02
9.5604e-06 3.1358e+07 1.1000e+00 6.3444e-02 1.1821e-02 1.1420e-01 1.8819e-03 8.4562e-03
9.5705e-06 3.1325e+07 7.3456e-01 1.1988e-01 8.1841e-03 1.1942e-01 6.9241e-04 3.9633e-02
9.5806e-06 3.1292e+07 3.8447e-02 1.1802e-01 1.4730e-03 7.3295e-02 6.3653e-04 8.4333e-02
9.5907e-06 3.1259e+07 4.0165e-01 5.4098e-02 2.2552e-03 2.5220e-02 4.6099e-04 8.3419e-02
9.6008e-06 3.1226e+07 1.0854e+00 9.1308e-03 1.7715e-02 2.3340e-02 5.7792e-04 2.9570e-02
9.6109e-06 3.1193e+07 7.1578e-01 5.0045e-02 3.8235e-02 7.3605e-02 6.2979e-03 2.4551e-03
9.6210e-06 3.1160e+07 3.5805e-02 1.4301e-01 4.5548e-02 1.3631e-01 2.2875e-02 7.1272e-02
9.6312e-06 3.1127e+07 4.0358e-01 1.9716e-01 3.3098e-02 1.5691e-01 4.2732e-02 1.7804e-01
9.6413e-06 3.1095e+07 1.0718e+00 1.6812e-01 1.3056e-02 1.1452e-01 4.7320e-02 1.9466e-01
9.6514e-06 3.1062e+07 6.9785e-01 9.1661e-02 1.6159e-03 4.5250e-02 2.9860e-02 1.0198e-01
9.6615e-06 3.1030e+07 3.3341e-02 3.2618e-02 1.6032e-03 5.1338e-03 7.4442e-03 2.2584e-02
9.6716e-06 3.0997e+07 4.0580e-01 2.2564e-02 3.6140e-03 1.0168e-02 7.4673e-05 4.1818e-02
9.6817e-06 3.0965e+07 1.0592e+00 4.0804e-02 1.6371e-03 2.9653e-02 5.3370e-03 8.9095e-02
9.6918e-06 3.0933e+07 6.8072e-01 4.5586e-02 5.7448e-04 3.5603e-02 6.8290e-03 6.5489e-02
9.7019e-06 3.0900e+07 3.1049e-02 2.4976e-02 6.2367e-03 3.2433e-02 1.6951e-03 9.0520e-03
9.7120e-06 3.0868e+07 4.0832e-01 1.2304e-02 1.4145e-02 3.3009e-02 2.9057e-03 2.9703e-02
9.7221e-06 3.0836e+07 1.0474e+00 4.3235e-02 1.4640e-02 3.3556e-02 1.4545e-02 1.2292e-01
9.7322e-06 3.0804e+07 6.6436e-01 1.0720e-01 6.8661e-03 2.6249e-02 2.2309e-02 1.6612e-01
9.7423e-06 3.0772e+07 2.8923e-02 1.5674e-01 4.6797e-04 1.5418e-02 1.5050e-02 1.0217e-01
9.7524e-06 3.0740e+07 4.1112e-01 1.5888e-01 2.1508e-03 7.3864e-03 2.5166e-03 2.0882e-02
9.7625e-06 3.0708e+07 1.0365e+00 1.2200e-01 6.8903e-03 2.4066e-03 1.7860e-03 2.4038e-02
9.7726e-06 3.0677e+07 6.4873e-01 7.6714e-02 6.4995e-03 8.1304e-03 1.4127e-02 9.1121e-02
9.7827e-06 3.0645e+07 2.6957e-02 4.5825e-02 2.4945e-03 4.0449e-02 2.5433e-02 1.2996e-01
9.7929e-06 3.0613e+07 4.1423e-01 3.5358e-02 4.3830e-03 9.6237e-02 2.5441e-02 1.0413e-01
9.8030e-06 3.0582e+07 1.0265e+00 4.6554e-02 1.6040e-02 1.4412e-01 1.7257e-02 5.3329e-02
9.8131e-06 3.0550e+07 6.3379e-01 8.7279e-02 2.9226e-02 1.5776e-01 9.1451e-03 2.0135e-02
9.8232e-06 3.0519e+07 2.5147e-02 1.5783e-01 3.2447e-02 1.4137e-01 4.9000e-03 1.0849e-02
9.8333e-06 3.0488e+07 4.1763e-01 2.2173e-01 2.3226e-02 1.1046e-01 3.7633e-03 1.6323e-02
9.8434e-06 3.0456e+07 1.0173e+00 2.1860e-01 9.5989e-03 7.1432e-02 4.3291e-03 2.8835e-02
9.8535e-06 3.0425e+07 6.1952e-01 1.3452e-01 1.1620e-03 3.8662e-02 5.7927e-03 3.8739e-02
9.8636e-06 3.0394e+07 2.3488e-02 3.7190e-02 5.9193e-04 4.5087e-02 7.6267e-03 4.0808e-02
9.8737e-06 3.0363e+07 4.2133e-01 1.5791e-04 3.3432e-03 1.0507e-01 9.6213e-03 4.2043e-02
9.8838e-06 3.0332e+07 1.0088e+00 1.1725e-02 3.9538e-03 1.8182e-01 1.1313e-02 4.6444e-02
9.8939e-06 3.0301e+07 6.0588e-01 1.3102e-02 1.8009e-03 2.2009e-01 1.1238e-02 4.2371e-02
9.9040e-06 3.0270e+07 2.1976e-02 8.2605e-03 6.7019e-04 2.0154e-01 8.1274e-03 2.5688e-02
9.9141e-06 3.0239e+07 4.2534e-01 5.6673e-02 3.3345e-03 1.4756e-01 3.2375e-03 2.4922e-02
9.9242e-06 3.0208e+07 1.0012e+00 1.5305e-01 7.9778e-03 8.6841e-02 5.5910e-04 7.6339e-02
9.9343e-06 3.0177e+07 5.9285e-01 2.0387e-01 1.0703e-02 4.7635e-02 3.9922e-03 1.7337e-01
9.9444e-06 3.0147e+07 2.0608e-02 1.5697e-01 1.0148e-02 5.8130e-02 1.3864e-02 2.6149e-01
9.9545e-06 3.0116e+07 4.2965e-01 7.6942e-02 7.9112e-03 1.1161e-01 2.5637e-02 2.8827e-01
9.9647e-06 3.0086e+07 9.9426e-01 4.6957e-02 5.4619e-03 1.4563e-01 3.2376e-02 2.4700e-01
9.9748e-06 3.0055e+07 5.8041e-01 6.3896e-02 3.1214e-03 1.0579e-01 2.9952e-02 1.7106e-01
9.9849e-06 3.0025e+07 1.9379e-02 8.0790e-02 1.7938e-03 2.7485e-02 2.0485e-02 9.9213e-02
9.9950e-06 2.9994e+07 4.3427e-01 8.8327e-02 2.7175e-03 2.2403e-03 1.0061e-02 5.0577e-02
1.0005e-05 2.9964e+07 9.8809e-01 9.4561e-02 4.8177e-03 5.5580e-02 3.1836e-03 2.4672e-02
1.0015e-05 2.9934e+07 5.6852e-01 7.9450e-02 5.2658e-03 1.1194e-01 4.2815e-04 1.7040e-02
1.0025e-05 2.9904e+07 1.8287e-02 3.4029e-02 4.1512e-03 1.0097e-01 6.4411e-04 2.8665e-02
1.0035e-05 2.9874e+07 4.3921e-01 8.8325e-04 5.6498e-03 4.7271e-02 2.7408e-03 5.5100e-02
1.0046e-05 2.9843e+07 9.8265e-01 1.5456e-02 1.1973e-02 1.9126e-02 4.8853e-03 7.3885e-02
1.0056e-05 2.9813e+07 5.5716e-01 4.5556e-02 1.8612e-02 2.9984e-02 4.8099e-03 6.1933e-02
1.0066e-05 2.9784e+07 1.7330e-02 4.2845e-02 1.9292e-02 3.8928e-02 2.5008e-03 2.8888e-02
1.0076e-05 2.9754e+07 4.4447e-01 1.5584e-02 1.4358e-02 2.5707e-02 6.1404e-04 1.1700e-02
1.0086e-05 2.9724e+07 9.7791e-01 2.6855e-03 1.0046e-02 1.4153e-02 8.0481e-04 2.5022e-02
1.0096e-05 2.9694e+07 5.4631e-01 1.9154e-02 9.5826e-03 2.3976e-02 1.5827e-03 3.9199e-02
1.0106e-05 2.9664e+07 1.6504e-02 6.7684e-02 9.5521e-03 4.0541e-02 1.3207e-03 2.6153e-02
1.0116e-05 2.9635e+07 4.5006e-01 1.4563e-01 6.3786e-03 4.1468e-02 1.2447e-03 5.4053e-03
1.0126e-05 2.9605e+07 9.7387e-01 1.9927e-01 1.9725e-03 2.6491e-02 3.2538e-03 1.5199e-02
1.0136e-05 2.9576e+07 5.3596e-01 1.5233e-01 2.5214e-04 1.0655e-02 6.4263e-03 5.1451e-02
1.0147e-05 2.9546e+07 1.5809e-02 3.8329e-02 2.0949e-03 4.6625e-03 8.0852e-03 7.0591e-02
1.0157e-05 2.9517e+07 4.5598e-01 7.5111e-03 7.7175e-03 1.1396e-02 7.2451e-03 5.1036e-02
1.0167e-05 2.9487e+07 9.7052e-01 1.1693e-01 1.9882e-02 3.3373e-02 4.9224e-03 1.8203e-02
1.0177e-05 2.9458e+07 5.2608e-01 2.1731e-01 3.7514e-02 7.4530e-02 2.2189e-03 2.6068e-03
1.0187e-05 2.9429e+07 1.5243e-02 1.6538e-01 4.8193e-02 1.2929e-01 3.1141e-04 3.6783e-03
1.0197e-05 2.9400e+07 4.6225e-01 4.7158e-02 3.8207e-02 1.6816e-01 1.0966e-03 7.3304e-03
1.0207e-05 2.9371e+07 9.6785e-01 3.6383e-02 1.5105e-02 1.5073e-01 5.1084e-03 1.2940e-02
1.0217e-05 2.9342e+07 5.1666e-01 1.1662e-01 1.0026e-02 7.9351e-02 9.4217e-03 2.4376e-02
1.0227e-05 2.9313e+07 1.4804e-02 1.3401e-01 4.4343e-02 3.0502e-02 1.0247e-02 3.2342e-02
1.0238e-05 2.9284e+07 4.6888e-01 7.4105e-02 9.6063e-02 8.4382e-02 7.3992e-03 2.5468e-02
1.0248e-05 2.9255e+07 9.6585e-01 7.0367e-02 1.1473e-01 2.0847e-01 4.1194e-03 9.6872e-03
1.0258e-05 2.9226e+07 5.0768e-01 1.4376e-01 7.7582e-02 2.6533e-01 3.0965e-03 1.5665e-03
1.0268e-05 2.9197e+07 1.4491e-02 1.5598e-01 2.0628e-02 1.7836e-01 4.8206e-03 8.1579e-03
1.0278e-05 2.9169e+07 4.7587e-01 6.2181e-02 1.1063e-03 4.5253e-02 8.6753e-03 2.3169e-02
1.0288e-05 2.9140e+07 9.6452e-01 1.3345e-03 3.2766e-02 2.4094e-02 1.2616e-02 3.6347e-02
1.0298e-05 2.9111e+07 4.9912e-01 5.8921e-02 7.2943e-02 1.3403e-01 1.2866e-02 3.9153e-02
1.0308e-05 2.9083e+07 1.4303e-02 1.2646e-01 7.5895e-02 2.4276e-01 8.0399e-03 2.9389e-02
1.0318e-05 2.9054e+07 4.8323e-01 9.4802e-02 4.3272e-02 2.4364e-01 3.3061e-03 1.7358e-02
1.0328e-05 2.9026e+07 9.6385e-01 2.2591e-02 1.1284e-02 1.6527e-01 5.6327e-03 1.8462e-02
1.0339e-05 2.8997e+07 4.9098e-01 3.1877e-03 8.5380e-04 9.3874e-02 1.3876e-02 3.2669e-02
1.0349e-05 2.8969e+07 1.4241e-02 1.1916e-02 1.1482e-03 6.9430e-02 1.8548e-02 4.1405e-02
