Frequency(THz) Wavelength(um) Source Detector[0] Detector[1] Detector[2] Detector[3] Detector[4]
0.0000e+00 1.8540e+02 5.9811e-02 6.7954e-08 1.3052e-06 3.8198e-07 1.1263e-07 2.7634e-07
1.6170e+00 1.8540e+02 5.9603e-02 1.0998e-07 2.0871e-06 5.5282e-07 1.7600e-07 4.0180e-07
3.2340e+00 9.2701e+01 6.0016e-02 1.5378e-07 2.9023e-06 7.3386e-07 2.4210e-07 5.3487e-07
4.8509e+00 6.1801e+01 6.0902e-02 1.1365e-07 2.1556e-06 5.7612e-07 1.8163e-07 4.1960e-07
6.4679e+00 4.6351e+01 6.0002e-02 6.8202e-08 1.3080e-06 3.8906e-07 1.1274e-07 2.8326e-07
8.0849e+00 3.7080e+01 5.8598e-02 1.0631e-07 2.0142e-06 5.3158e-07 1.6960e-07 3.8844e-07
9.7019e+00 3.0900e+01 6.0215e-02 1.5324e-07 2.8879e-06 7.1519e-07 2.4036e-07 5.2231e-07
1.1319e+01 2.6486e+01 6.2482e-02 1.1726e-07 2.2218e-06 5.7750e-07 1.8680e-07 4.1976e-07
1.2936e+01 2.3175e+01 6.0574e-02 6.9008e-08 1.3254e-06 3.9256e-07 1.1443e-07 2.8415e-07
1.4553e+01 2.0600e+01 5.7901e-02 1.0283e-07 1.9515e-06 5.2707e-07 1.6486e-07 3.8468e-07
1.6170e+01 1.8540e+01 6.0615e-02 1.5229e-07 2.8691e-06 7.1763e-07 2.3883e-07 5.2535e-07
1.7787e+01 1.6855e+01 6.4328e-02 1.2074e-07 2.2845e-06 5.8916e-07 1.9162e-07 4.2962e-07
1.9404e+01 1.5450e+01 6.1528e-02 7.0283e-08 1.3489e-06 3.9307e-07 1.1623e-07 2.8436e-07
2.1021e+01 1.4262e+01 5.7527e-02 9.9548e-08 1.8920e-06 5.1466e-07 1.6025e-07 3.7450e-07
2.2638e+01 1.3243e+01 6.1218e-02 1.5092e-07 2.8447e-06 7.1719e-07 2.3708e-07 5.2465e-07
2.4255e+01 1.2360e+01 6.6427e-02 1.2406e-07 2.3457e-06 6.0525e-07 1.9656e-07 4.4209e-07
2.5872e+01 1.1588e+01 6.2861e-02 7.2021e-08 1.3804e-06 3.9842e-07 1.1866e-07 2.8878e-07
2.7489e+01 1.0906e+01 5.7492e-02 9.6500e-08 1.8361e-06 5.0071e-07 1.5576e-07 3.6377e-07
2.9106e+01 1.0300e+01 6.2027e-02 1.4914e-07 2.8131e-06 7.1156e-07 2.3470e-07 5.1978e-07
3.0723e+01 9.7580e+00 6.8762e-02 1.2716e-07 2.4037e-06 6.2041e-07 2.0136e-07 4.5324e-07
3.2340e+01 9.2701e+00 6.4571e-02 7.4204e-08 1.4205e-06 4.0777e-07 1.2186e-07 2.9616e-07
3.3957e+01 8.8287e+00 5.7816e-02 9.3771e-08 1.7853e-06 4.8854e-07 1.5162e-07 3.5486e-07
3.5574e+01 8.4274e+00 6.3048e-02 1.4698e-07 2.7740e-06 7.0266e-07 2.3164e-07 5.1266e-07
3.7191e+01 8.0610e+00 7.1319e-02 1.2997e-07 2.4567e-06 6.3313e-07 2.0578e-07 4.6221e-07
3.8808e+01 7.7251e+00 6.6656e-02 7.6813e-08 1.4688e-06 4.1956e-07 1.2580e-07 3.0509e-07
4.0425e+01 7.4161e+00 5.8517e-02 9.1434e-08 1.7416e-06 4.7910e-07 1.4804e-07 3.4821e-07
4.2042e+01 7.1309e+00 6.4291e-02 1.4450e-07 2.7282e-06 6.9223e-07 2.2797e-07 5.0473e-07
4.3659e+01 6.8668e+00 7.4081e-02 1.3241e-07 2.5030e-06 6.4345e-07 2.0962e-07 4.6936e-07
4.5276e+01 6.6215e+00 6.9108e-02 7.9781e-08 1.5243e-06 4.3272e-07 1.3035e-07 3.1477e-07
4.6892e+01 6.3932e+00 5.9620e-02 8.9547e-08 1.7064e-06 4.7230e-07 1.4519e-07 3.4356e-07
4.8509e+01 6.1801e+00 6.5767e-02 1.4175e-07 2.6773e-06 6.8118e-07 2.2386e-07 4.9665e-07
5.0126e+01 5.9807e+00 7.7028e-02 1.3444e-07 2.5415e-06 6.5177e-07 2.1281e-07 4.7512e-07
5.1743e+01 5.7938e+00 7.1919e-02 8.3056e-08 1.5857e-06 4.4682e-07 1.3539e-07 3.2495e-07
5.3360e+01 5.6183e+00 6.1149e-02 8.8172e-08 1.6808e-06 4.6796e-07 1.4315e-07 3.4059e-07
5.4977e+01 5.4530e+00 6.7495e-02 1.3880e-07 2.6227e-06 6.6991e-07 2.1945e-07 4.8857e-07
5.6594e+01 5.2972e+00 8.0144e-02 1.3602e-07 2.5715e-06 6.5825e-07 2.1528e-07 4.7974e-07
5.8211e+01 5.1501e+00 7.5078e-02 8.6571e-08 1.6516e-06 4.6159e-07 1.4080e-07 3.3557e-07
5.9828e+01 5.0109e+00 6.3132e-02 8.7358e-08 1.6658e-06 4.6598e-07 1.4200e-07 3.3918e-07
6.1445e+01 4.8790e+00 6.9498e-02 1.3575e-07 2.5659e-06 6.5869e-07 2.1491e-07 4.8051e-07
6.3062e+01 4.7539e+00 8.3410e-02 1.3714e-07 2.5924e-06 6.6307e-07 2.1703e-07 4.8323e-07
6.4679e+01 4.6351e+00 7.8570e-02 9.0259e-08 1.7207e-06 4.7688e-07 1.4646e-07 3.4660e-07
6.6296e+01 4.5220e+00 6.5598e-02 8.7131e-08 1.6619e-06 4.6633e-07 1.4175e-07 3.3938e-07
6.7913e+01 4.4143e+00 7.1807e-02 1.3267e-07 2.5087e-06 6.4769e-07 2.1034e-07 4.7256e-07
6.9530e+01 4.3117e+00 8.6808e-02 1.3775e-07 2.6042e-06 6.6621e-07 2.1803e-07 4.8558e-07
7.1147e+01 4.2137e+00 8.2373e-02 9.4042e-08 1.7918e-06 4.9249e-07 1.5227e-07 3.5793e-07
7.2764e+01 4.1201e+00 6.8580e-02 8.7517e-08 1.6696e-06 4.6898e-07 1.4245e-07 3.4124e-07
7.4381e+01 4.0305e+00 7.4461e-02 1.2965e-07 2.4528e-06 6.3710e-07 2.0588e-07 4.6487e-07
7.5998e+01 3.9447e+00 9.0324e-02 1.3788e-07 2.6066e-06 6.6770e-07 2.1829e-07 4.8676e-07
7.7615e+01 3.8626e+00 8.6463e-02 9.7868e-08 1.8632e-06 5.0832e-07 1.5812e-07 3.6946e-07
7.9232e+01 3.7837e+00 7.2111e-02 8.8543e-08 1.6892e-06 4.7405e-07 1.4412e-07 3.4483e-07
8.0849e+01 3.7080e+00 7.7508e-02 1.2677e-07 2.3997e-06 6.2715e-07 2.0166e-07 4.5757e-07
8.2466e+01 3.6353e+00 9.3946e-02 1.3749e-07 2.5998e-06 6.6749e-07 2.1780e-07 4.8668e-07
8.4083e+01 3.5654e+00 9.0808e-02 1.0164e-07 1.9338e-06 5.2415e-07 1.6388e-07 3.8104e-07
8.5700e+01 3.4982e+00 7.6223e-02 9.0214e-08 1.7209e-06 4.8162e-07 1.4676e-07 3.5024e-07
8.7317e+01 3.4334e+00 8.1009e-02 1.2414e-07 2.3513e-06 6.1811e-07 1.9783e-07 4.5088e-07
8.8934e+01 3.3710e+00 9.7667e-02 1.3662e-07 2.5841e-06 6.6550e-07 2.1661e-07 4.8528e-07
9.0551e+01 3.3108e+00 9.5370e-02 1.0529e-07 2.0020e-06 5.3966e-07 1.6948e-07 3.9242e-07
9.2168e+01 3.2527e+00 8.0949e-02 9.2534e-08 1.7645e-06 4.9174e-07 1.5038e-07 3.5754e-07
9.3785e+01 3.1966e+00 8.5033e-02 1.2184e-07 2.3092e-06 6.1035e-07 1.9453e-07 4.4508e-07
9.5402e+01 3.1424e+00 1.0149e-01 1.3529e-07 2.5600e-06 6.6181e-07 2.1473e-07 4.8262e-07
9.7019e+01 3.0900e+00 1.0011e-01 1.0873e-07 2.0666e-06 5.5459e-07 1.7476e-07 4.0344e-07
9.8636e+01 3.0394e+00 8.6321e-02 9.5496e-08 1.8200e-06 5.0443e-07 1.5494e-07 3.6679e-07
1.0025e+02 2.9904e+00 8.9666e-02 1.2000e-07 2.2753e-06 6.0422e-07 1.9189e-07 4.4046e-07
1.0187e+02 2.9429e+00 1.0542e-01 1.3355e-07 2.5280e-06 6.5646e-07 2.1225e-07 4.7866e-07
1.0349e+02 2.8969e+00 1.0497e-01 1.1190e-07 2.1260e-06 5.6861e-07 1.7964e-07 4.1375e-07
1.0510e+02 2.8523e+00 9.2364e-02 9.9053e-08 1.8868e-06 5.1970e-07 1.6042e-07 3.7792e-07
1.0672e+02 2.8091e+00 9.5005e-02 1.1868e-07 2.2514e-06 6.0021e-07 1.9005e-07 4.3736e-07
1.0834e+02 2.7672e+00 1.0948e-01 1.3144e-07 2.4892e-06 6.4966e-07 2.0922e-07 4.7359e-07
1.0995e+02 2.7265e+00 1.0990e-01 1.1472e-07 2.1790e-06 5.8139e-07 1.8402e-07 4.2316e-07
1.1157e+02 2.6870e+00 9.9101e-02 1.0320e-07 1.9645e-06 5.3738e-07 1.6678e-07 3.9088e-07
1.1319e+02 2.6486e+00 1.0116e-01 1.1799e-07 2.2392e-06 5.9866e-07 1.8916e-07 4.3611e-07
1.1481e+02 2.6113e+00 1.1371e-01 1.2902e-07 2.4448e-06 6.4161e-07 2.0573e-07 4.6759e-07
1.1642e+02 2.5750e+00 1.1484e-01 1.1713e-07 2.2242e-06 5.9264e-07 1.8778e-07 4.3141e-07
1.1804e+02 2.5398e+00 1.0655e-01 1.0787e-07 2.0521e-06 5.5731e-07 1.7396e-07 4.0550e-07
1.1966e+02 2.5054e+00 1.0826e-01 1.1802e-07 2.2405e-06 5.9992e-07 1.8936e-07 4.3696e-07
1.2127e+02 2.4720e+00 1.1817e-01 1.2637e-07 2.3961e-06 6.3256e-07 2.0189e-07 4.6088e-07
1.2289e+02 2.4395e+00 1.1972e-01 1.1906e-07 2.2606e-06 6.0209e-07 1.9082e-07 4.3835e-07
1.2451e+02 2.4078e+00 1.1471e-01 1.1306e-07 2.1488e-06 5.7935e-07 1.8187e-07 4.2166e-07
1.2612e+02 2.3770e+00 1.1644e-01 1.1886e-07 2.2568e-06 6.0442e-07 1.9077e-07 4.4017e-07
1.2774e+02 2.3469e+00 1.2292e-01 1.2356e-07 2.3447e-06 6.2286e-07 1.9783e-07 4.5368e-07
1.2936e+02 2.3175e+00 1.2448e-01 1.2045e-07 2.2871e-06 6.0950e-07 1.9306e-07 4.4379e-07
1.3098e+02 2.2889e+00 1.2359e-01 1.1865e-07 2.2534e-06 6.0326e-07 1.9043e-07 4.3919e-07
1.3259e+02 2.2610e+00 1.2586e-01 1.2061e-07 2.2897e-06 6.1253e-07 1.9354e-07 4.4599e-07
1.3421e+02 2.2338e+00 1.2806e-01 1.2072e-07 2.2924e-06 6.1292e-07 1.9371e-07 4.4624e-07
1.3583e+02 2.2072e+00 1.2904e-01 1.2124e-07 2.3026e-06 6.1465e-07 1.9442e-07 4.4754e-07
1.3744e+02 2.1812e+00 1.3316e-01 1.2458e-07 2.3644e-06 6.2873e-07 1.9952e-07 4.5792e-07
1.3906e+02 2.1558e+00 1.3669e-01 1.2333e-07 2.3408e-06 6.2451e-07 1.9777e-07 4.5473e-07
1.4068e+02 2.1311e+00 1.3373e-01 1.1795e-07 2.2414e-06 6.0309e-07 1.8969e-07 4.3892e-07
1.4229e+02 2.1068e+00 1.3335e-01 1.2143e-07 2.3067e-06 6.1732e-07 1.9487e-07 4.4947e-07
1.4391e+02 2.0832e+00 1.4340e-01 1.3079e-07 2.4805e-06 6.5545e-07 2.0902e-07 4.7753e-07
1.4553e+02 2.0600e+00 1.4909e-01 1.2708e-07 2.4111e-06 6.4071e-07 2.0356e-07 4.6654e-07
1.4715e+02 2.0374e+00 1.4008e-01 1.1537e-07 2.1938e-06 5.9392e-07 1.8594e-07 4.3206e-07
1.4876e+02 2.0152e+00 1.3733e-01 1.2097e-07 2.2987e-06 6.1746e-07 1.9434e-07 4.4951e-07
1.5038e+02 1.9936e+00 1.5426e-01 1.3717e-07 2.5999e-06 6.8314e-07 2.1879e-07 4.9785e-07
1.5200e+02 1.9724e+00 1.6328e-01 1.3192e-07 2.5018e-06 6.6139e-07 2.1099e-07 4.8168e-07
1.5361e+02 1.9516e+00 1.4730e-01 1.1311e-07 2.1522e-06 5.8583e-07 1.8265e-07 4.2606e-07
1.5523e+02 1.9313e+00 1.4094e-01 1.1985e-07 2.2785e-06 6.1482e-07 1.9281e-07 4.4753e-07
1.5685e+02 1.9114e+00 1.6567e-01 1.4364e-07 2.7209e-06 7.1134e-07 2.2873e-07 5.1851e-07
1.5846e+02 1.8919e+00 1.7944e-01 1.3791e-07 2.6138e-06 6.8686e-07 2.2017e-07 5.0025e-07
1.6008e+02 1.8728e+00 1.5562e-01 1.1129e-07 2.1190e-06 5.7955e-07 1.8004e-07 4.2133e-07
1.6170e+02 1.8540e+00 1.4412e-01 1.1806e-07 2.2458e-06 6.0946e-07 1.9026e-07 4.4361e-07
1.6332e+02 1.8357e+00 1.7756e-01 1.5007e-07 2.8416e-06 7.3955e-07 2.3863e-07 5.3927e-07
1.6493e+02 1.8177e+00 1.9778e-01 1.4508e-07 2.7480e-06 7.1708e-07 2.3115e-07 5.2239e-07
1.6655e+02 1.8000e+00 1.6531e-01 1.1009e-07 2.0971e-06 5.7554e-07 1.7836e-07 4.1825e-07
1.6817e+02 1.7827e+00 1.4687e-01 1.1562e-07 2.2009e-06 6.0146e-07 1.8672e-07 4.3767e-07
1.6978e+02 1.7657e+00 1.8981e-01 1.5639e-07 2.9598e-06 7.6754e-07 2.4834e-07 5.5982e-07
1.7140e+02 1.7491e+00 2.1852e-01 1.5346e-07 2.9045e-06 7.5239e-07 2.4397e-07 5.4823e-07
1.7302e+02 1.7327e+00 1.7669e-01 1.0966e-07 2.0894e-06 5.7444e-07 1.7782e-07 4.1731e-07
1.7463e+02 1.7167e+00 1.4916e-01 1.1256e-07 2.1445e-06 5.9078e-07 1.8223e-07 4.2981e-07
1.7625e+02 1.7009e+00 2.0230e-01 1.6246e-07 3.0737e-06 7.9477e-07 2.5769e-07 5.7983e-07
1.7787e+02 1.6855e+00 2.4186e-01 1.6305e-07 3.0838e-06 7.9287e-07 2.5862e-07 5.7784e-07
1.7949e+02 1.6703e+00 1.9013e-01 1.1015e-07 2.0989e-06 5.7698e-07 1.7868e-07 4.1899e-07
1.8110e+02 1.6554e+00 1.5103e-01 1.0893e-07 2.0772e-06 5.7760e-07 1.7688e-07 4.2008e-07
1.8272e+02 1.6407e+00 2.1488e-01 1.6820e-07 3.1811e-06 8.2072e-07 2.6654e-07 5.9894e-07
1.8434e+02 1.6263e+00 2.6801e-01 1.7386e-07 3.2859e-06 8.3846e-07 2.7513e-07 6.1128e-07
1.8595e+02 1.6122e+00 2.0605e-01 1.1171e-07 2.1287e-06 5.8380e-07 1.8116e-07 4.2385e-07
1.8757e+02 1.5983e+00 1.5253e-01 1.0477e-07 2.0003e-06 5.6218e-07 1.7072e-07 4.0867e-07
1.8919e+02 1.5846e+00 2.2737e-01 1.7346e-07 3.2798e-06 8.4503e-07 2.7469e-07 6.1680e-07
1.9080e+02 1.5712e+00 2.9718e-01 1.8590e-07 3.5105e-06 8.8925e-07 2.9348e-07 6.4849e-07
1.9242e+02 1.5580e+00 2.2492e-01 1.1456e-07 2.1819e-06 5.9558e-07 1.8555e-07 4.3234e-07
1.9404e+02 1.5450e+00 1.5377e-01 1.0018e-07 1.9152e-06 5.4468e-07 1.6389e-07 3.9577e-07
1.9565e+02 1.5323e+00 2.3959e-01 1.7814e-07 3.3678e-06 8.6716e-07 2.8197e-07 6.3309e-07
1.9727e+02 1.5197e+00 3.2956e-01 1.9907e-07 3.7569e-06 9.4520e-07 3.1364e-07 6.8947e-07
1.9889e+02 1.5073e+00 2.4726e-01 1.1883e-07 2.2619e-06 6.1318e-07 1.9212e-07 4.4503e-07
2.0051e+02 1.4952e+00 1.5489e-01 9.5258e-08 1.8237e-06 5.2553e-07 1.5652e-07 3.8164e-07
2.0212e+02 1.4832e+00 2.5132e-01 1.8214e-07 3.4430e-06 8.8659e-07 2.8821e-07 6.4748e-07
2.0374e+02 1.4714e+00 3.6533e-01 2.1339e-07 4.0246e-06 1.0061e-06 3.3551e-07 7.3420e-07
2.0536e+02 1.4599e+00 2.7367e-01 1.2470e-07 2.3718e-06 6.3727e-07 2.0112e-07 4.6254e-07
2.0697e+02 1.4485e+00 1.5611e-01 9.0118e-08 1.7282e-06 5.0518e-07 1.4882e-07 3.6658e-07
2.0859e+02 1.4372e+00 2.6232e-01 1.8536e-07 3.5035e-06 9.0292e-07 2.9326e-07 6.5952e-07
2.1021e+02 1.4262e+00 4.0463e-01 2.2880e-07 4.3123e-06 1.0719e-06 3.5904e-07 7.8244e-07
2.1182e+02 1.4153e+00 3.0481e-01 1.3237e-07 2.5149e-06 6.6868e-07 2.1281e-07 4.8540e-07
2.1344e+02 1.4046e+00 1.5770e-01 8.4885e-08 1.6309e-06 4.8413e-07 1.4096e-07 3.5104e-07
2.1506e+02 1.3940e+00 2.7234e-01 1.8767e-07 3.5474e-06 9.1561e-07 2.9695e-07 6.6896e-07
2.1668e+02 1.3836e+00 4.4761e-01 2.4520e-07 4.6190e-06 1.1421e-06 3.8412e-07 8.3405e-07
2.1829e+02 1.3734e+00 3.4139e-01 1.4199e-07 2.6946e-06 7.0813e-07 2.2749e-07 5.1416e-07
2.1991e+02 1.3633e+00 1.6002e-01 7.9740e-08 1.5351e-06 4.6305e-07 1.3320e-07 3.3541e-07
2.2153e+02 1.3533e+00 2.8112e-01 1.8900e-07 3.5727e-06 9.2436e-07 2.9915e-07 6.7546e-07
2.2314e+02 1.3435e+00 4.9437e-01 2.6251e-07 4.9426e-06 1.2167e-06 4.1062e-07 8.8881e-07
2.2476e+02 1.3338e+00 3.8420e-01 1.5373e-07 2.9140e-06 7.5644e-07 2.4540e-07 5.4939e-07
2.2638e+02 1.3243e+00 1.6352e-01 7.4842e-08 1.4439e-06 4.4261e-07 1.2581e-07 3.2021e-07
2.2799e+02 1.3149e+00 2.8838e-01 1.8926e-07 3.5781e-06 9.2870e-07 2.9972e-07 6.7871e-07
2.2961e+02 1.3057e+00 5.4496e-01 2.8064e-07 5.2814e-06 1.2951e-06 4.3837e-07 9.4648e-07
2.3123e+02 1.2965e+00 4.3410e-01 1.6778e-07 3.1763e-06 8.1438e-07 2.6682e-07 5.9176e-07
2.3285e+02 1.2875e+00 1.6874e-01 7.0407e-08 1.3613e-06 4.2359e-07 1.1908e-07 3.0609e-07
2.3446e+02 1.2786e+00 2.9386e-01 1.8837e-07 3.5622e-06 9.2826e-07 2.9854e-07 6.7844e-07
2.3608e+02 1.2699e+00 5.9942e-01 2.9945e-07 5.6333e-06 1.3771e-06 4.6721e-07 1.0067e-06
2.3770e+02 1.2612e+00 4.9199e-01 1.8428e-07 3.4845e-06 8.8276e-07 2.9199e-07 6.4174e-07
2.3931e+02 1.2527e+00 1.7636e-01 6.6661e-08 1.2912e-06 4.0696e-07 1.1337e-07 2.9370e-07
2.4093e+02 1.2443e+00 2.9727e-01 1.8629e-07 3.5238e-06 9.2277e-07 2.9552e-07 6.7451e-07
2.4255e+02 1.2360e+00 6.5771e-01 3.1882e-07 5.9960e-06 1.4621e-06 4.9695e-07 1.0692e-06
2.4416e+02 1.2278e+00 5.5888e-01 2.0340e-07 3.8418e-06 9.6234e-07 3.2117e-07 6.9995e-07
2.4578e+02 1.2198e+00 1.8718e-01 6.3833e-08 1.2384e-06 3.9367e-07 1.0905e-07 2.8371e-07
2.4740e+02 1.2118e+00 2.9836e-01 1.8296e-07 3.4621e-06 9.1195e-07 2.9061e-07 6.6659e-07
2.4902e+02 1.2039e+00 7.1977e-01 3.3863e-07 6.3666e-06 1.5497e-06 5.2738e-07 1.1335e-06
2.5063e+02 1.1961e+00 6.3583e-01 2.2529e-07 4.2509e-06 1.0541e-06 3.5461e-07 7.6704e-07
2.5225e+02 1.1885e+00 2.0213e-01 6.2200e-08 1.2078e-06 3.8493e-07 1.0653e-07 2.7708e-07
2.5387e+02 1.1809e+00 2.9690e-01 1.7838e-07 3.3767e-06 8.9545e-07 2.8373e-07 6.5460e-07
2.5548e+02 1.1734e+00 7.8544e-01 3.5874e-07 6.7426e-06 1.6389e-06 5.5825e-07 1.1991e-06
2.5710e+02 1.1661e+00 7.2397e-01 2.5013e-07 4.7148e-06 1.1585e-06 3.9253e-07 8.4345e-07
2.5872e+02 1.1588e+00 2.2232e-01 6.2060e-08 1.2049e-06 3.8197e-07 1.0624e-07 2.7462e-07
2.6033e+02 1.1516e+00 2.9268e-01 1.7248e-07 3.2672e-06 8.7335e-07 2.7490e-07 6.3842e-07
2.6195e+02 1.1445e+00 8.5454e-01 3.7891e-07 7.1206e-06 1.7294e-06 5.8935e-07 1.2656e-06
2.6357e+02 1.1374e+00 8.2452e-01 2.7802e-07 5.2361e-06 1.2764e-06 4.3518e-07 9.2974e-07
2.6519e+02 1.1305e+00 2.4907e-01 6.3731e-08 1.2357e-06 3.8612e-07 1.0869e-07 2.7738e-07
2.6680e+02 1.1237e+00 2.8555e-01 1.6533e-07 3.1340e-06 8.4551e-07 2.6410e-07 6.1808e-07
2.6842e+02 1.1169e+00 9.2678e-01 3.9902e-07 7.4976e-06 1.8205e-06 6.2038e-07 1.3326e-06
2.7004e+02 1.1102e+00 9.3875e-01 3.0908e-07 5.8173e-06 1.4086e-06 4.8276e-07 1.0265e-06
2.7165e+02 1.1036e+00 2.8385e-01 6.7541e-08 1.3066e-06 3.9895e-07 1.1441e-07 2.8645e-07
2.7327e+02 1.0971e+00 2.7541e-01 1.5696e-07 2.9776e-06 8.1200e-07 2.5139e-07 5.9355e-07
2.7489e+02 1.0906e+00 1.0018e+00 4.1889e-07 7.8698e-06 1.9112e-06 6.5107e-07 1.3994e-06
2.7650e+02 1.0842e+00 1.0680e+00 3.4351e-07 6.4609e-06 1.5558e-06 5.3548e-07 1.1344e-06
2.7812e+02 1.0779e+00 3.2841e-01 7.3878e-08 1.4246e-06 4.2212e-07 1.2396e-07 3.0306e-07
2.7974e+02 1.0717e+00 2.6226e-01 1.4740e-07 2.7994e-06 7.7298e-07 2.3686e-07 5.6495e-07
2.8135e+02 1.0655e+00 1.0793e+00 4.3829e-07 8.2338e-06 2.0007e-06 6.8112e-07 1.4654e-06
2.8297e+02 1.0594e+00 1.2138e+00 3.8135e-07 7.1690e-06 1.7187e-06 5.9354e-07 1.2537e-06
2.8459e+02 1.0534e+00 3.8473e-01 8.3139e-08 1.5971e-06 4.5739e-07 1.3796e-07 3.2855e-07
2.8621e+02 1.0475e+00 2.4619e-01 1.3679e-07 2.6009e-06 7.2874e-07 2.2066e-07 5.3246e-07
2.8782e+02 1.0416e+00 1.1586e+00 4.5703e-07 8.5860e-06 2.0883e-06 7.1024e-07 1.5298e-06
2.8944e+02 1.0358e+00 1.3775e+00 4.2273e-07 7.9441e-06 1.8979e-06 6.5715e-07 1.3850e-06
2.9106e+02 1.0300e+00 4.5509e-01 9.5735e-08 1.8323e-06 5.0672e-07 1.5709e-07 3.6431e-07
2.9267e+02 1.0243e+00 2.2743e-01 1.2523e-07 2.3844e-06 6.7973e-07 2.0295e-07 4.9651e-07
2.9429e+02 1.0187e+00 1.2391e+00 4.7495e-07 8.9222e-06 2.1730e-06 7.3809e-07 1.5922e-06
2.9591e+02 1.0131e+00 1.5609e+00 4.6779e-07 8.7879e-06 2.0943e-06 7.2645e-07 1.5289e-06
2.9752e+02 1.0076e+00 5.4209e-01 1.1214e-07 2.1388e-06 5.7230e-07 1.8207e-07 4.1194e-07
2.9914e+02 1.0022e+00 2.0635e-01 1.1287e-07 2.1530e-06 6.2647e-07 1.8398e-07 4.5739e-07
3.0076e+02 9.9679e-01 1.3203e+00 4.9181e-07 9.2388e-06 2.2538e-06 7.6436e-07 1.6518e-06
3.0238e+02 9.9146e-01 1.7655e+00 5.1663e-07 9.7027e-06 2.3083e-06 8.0165e-07 1.6858e-06
3.0399e+02 9.8618e-01 6.4872e-01 1.3287e-07 2.5261e-06 6.5645e-07 2.1369e-07 4.7314e-07
3.0561e+02 9.8097e-01 1.8354e-01 9.9913e-08 1.9103e-06 5.6977e-07 1.6404e-07 4.1571e-07
3.0723e+02 9.7580e-01 1.4012e+00 5.0740e-07 9.5315e-06 2.3297e-06 7.8872e-07 1.7079e-06
3.0884e+02 9.7069e-01 1.9932e+00 5.6936e-07 1.0690e-05 2.5407e-06 8.8291e-07 1.8562e-06
3.1046e+02 9.6564e-01 7.7836e-01 1.5847e-07 3.0045e-06 7.6169e-07 2.5280e-07 5.4979e-07
3.1208e+02 9.6063e-01 1.5979e-01 8.6587e-08 1.6607e-06 5.1061e-07 1.4351e-07 3.7215e-07
3.1369e+02 9.5568e-01 1.4811e+00 5.2145e-07 9.7965e-06 2.3999e-06 8.1082e-07 1.7596e-06
3.1531e+02 9.5078e-01 2.2459e+00 6.2603e-07 1.1753e-05 2.7920e-06 9.7040e-07 2.0406e-06
3.1693e+02 9.4593e-01 9.3487e-01 1.8951e-07 3.5852e-06 8.9077e-07 3.0031e-07 6.4397e-07
3.1855e+02 9.4113e-01 1.3620e-01 7.3206e-08 1.4096e-06 4.5013e-07 1.2281e-07 3.2757e-07
3.2016e+02 9.3638e-01 1.5589e+00 5.3382e-07 1.0029e-05 2.4632e-06 8.3034e-07 1.8064e-06
3.2178e+02 9.3167e-01 2.5256e+00 6.8679e-07 1.2892e-05 3.0632e-06 1.0643e-06 2.2394e-06
3.2340e+02 9.2701e-01 1.1227e+00 2.2666e-07 4.2801e-06 1.0469e-06 3.5725e-07 7.5790e-07
3.2501e+02 9.2240e-01 1.1419e-01 6.0087e-08 1.1634e-06 3.8973e-07 1.0247e-07 2.8301e-07
3.2663e+02 9.1783e-01 1.6336e+00 5.4423e-07 1.0226e-05 2.5187e-06 8.4696e-07 1.8473e-06
3.2825e+02 9.1331e-01 2.8345e+00 7.5170e-07 1.4110e-05 3.3549e-06 1.1648e-06 2.4532e-06
3.2986e+02 9.0884e-01 1.3469e+00 2.7062e-07 5.1029e-06 1.2335e-06 4.2477e-07 8.9407e-07
3.3148e+02 9.0440e-01 9.5605e-02 4.7656e-08 9.2982e-07 3.3108e-07 8.3108e-08 2.3974e-07
3.3310e+02 9.0001e-01 1.7041e+00 5.5249e-07 1.0384e-05 2.5652e-06 8.6030e-07 1.8816e-06
3.3472e+02 8.9566e-01 3.1748e+00 8.2088e-07 1.5408e-05 3.6679e-06 1.2722e-06 2.6825e-06
3.3633e+02 8.9136e-01 1.6132e+00 3.2217e-07 6.0684e-06 1.4542e-06 5.0409e-07 1.0553e-06
3.3795e+02 8.8709e-01 8.2759e-02 3.6379e-08 7.1753e-07 2.7629e-07 6.5450e-08 1.9924e-07
3.3957e+02 8.8287e-01 1.7689e+00 5.5840e-07 1.0497e-05 2.6017e-06 8.7005e-07 1.9087e-06
3.4118e+02 8.7868e-01 3.5492e+00 8.9447e-07 1.6791e-05 4.0029e-06 1.3865e-06 2.9281e-06
3.4280e+02 8.7454e-01 1.9283e+00 3.8218e-07 7.1931e-06 1.7135e-06 5.9661e-07 1.2446e-06
3.4442e+02 8.7043e-01 7.8581e-02 2.6812e-08 5.3702e-07 2.2777e-07 5.0364e-08 1.6326e-07
3.4603e+02 8.6637e-01 1.8268e+00 5.6176e-07 1.0562e-05 2.6271e-06 8.7584e-07 1.9275e-06
3.4765e+02 8.6234e-01 3.9604e+00 9.7263e-07 1.8260e-05 4.3609e-06 1.5081e-06 3.1905e-06
3.4927e+02 8.5834e-01 2.2999e+00 4.5163e-07 8.4956e-06 2.0161e-06 7.0386e-07 1.4657e-06
3.5089e+02 8.5439e-01 8.6719e-02 1.9605e-08 4.0051e-07 1.8845e-07 3.8859e-08 1.3397e-07
3.5250e+02 8.5047e-01 1.8763e+00 5.6236e-07 1.0575e-05 2.6403e-06 8.7742e-07 1.9374e-06
3.5412e+02 8.4659e-01 4.4115e+00 1.0555e-06 1.9819e-05 4.7430e-06 1.6373e-06 3.4704e-06
3.5574e+02 8.4274e-01 2.7371e+00 5.3166e-07 9.9972e-06 2.3674e-06 8.2765e-07 1.7223e-06
3.5735e+02 8.3892e-01 1.1171e-01 1.5516e-08 3.2240e-07 1.6171e-07 3.2125e-08 1.1384e-07
3.5897e+02 8.3515e-01 1.9159e+00 5.6000e-07 1.0534e-05 2.6404e-06 8.7444e-07 1.9376e-06
3.6059e+02 8.3140e-01 4.9058e+00 1.1434e-06 2.1472e-05 5.1505e-06 1.7745e-06 3.7689e-06
3.6220e+02 8.2769e-01 3.2501e+00 6.2352e-07 1.1722e-05 2.7738e-06 9.6999e-07 2.0192e-06
3.6382e+02 8.2401e-01 1.5918e-01 1.5458e-08 3.1959e-07 1.5167e-07 3.1557e-08 1.0588e-07
3.6544e+02 8.2036e-01 1.9439e+00 5.5453e-07 1.0433e-05 2.6263e-06 8.6662e-07 1.9274e-06
3.6706e+02 8.1675e-01 5.4473e+00 1.2365e-06 2.3225e-05 5.5851e-06 1.9201e-06 4.0870e-06
3.6867e+02 8.1317e-01 3.8512e+00 7.2872e-07 1.3698e-05 3.2425e-06 1.1333e-06 2.3616e-06
3.7029e+02 8.0962e-01 2.3610e-01 2.0478e-08 4.1220e-07 1.6322e-07 3.8828e-08 1.1365e-07
3.7191e+02 8.0610e-01 1.9586e+00 5.4574e-07 1.0271e-05 2.5968e-06 8.5366e-07 1.9060e-06
3.7352e+02 8.0261e-01 6.0403e+00 1.3351e-06 2.5083e-05 6.0480e-06 2.0747e-06 4.4260e-06
3.7514e+02 7.9915e-01 4.5550e+00 8.4901e-07 1.5958e-05 3.7818e-06 1.3202e-06 2.7556e-06
3.7676e+02 7.9572e-01 3.5115e-01 3.1865e-08 6.2416e-07 2.0222e-07 5.5933e-08 1.4144e-07
3.7837e+02 7.9232e-01 1.9583e+00 5.3347e-07 1.0043e-05 2.5514e-06 8.3530e-07 1.8728e-06
3.7999e+02 7.8895e-01 6.6900e+00 1.4397e-06 2.7054e-05 6.5421e-06 2.2389e-06 4.7875e-06
3.8161e+02 7.8560e-01 5.3789e+00 9.8639e-07 1.8541e-05 4.4021e-06 1.5342e-06 3.2085e-06
3.8322e+02 7.8229e-01 5.1513e-01 5.1143e-08 9.8424e-07 2.7580e-07 8.5279e-08 1.9438e-07
3.8484e+02 7.7900e-01 1.9412e+00 5.1757e-07 9.7465e-06 2.4889e-06 8.1126e-07 1.8271e-06
3.8646e+02 7.7574e-01 7.4024e+00 1.5508e-06 2.9149e-05 7.0698e-06 2.4136e-06 5.1736e-06
3.8808e+02 7.7251e-01 6.3435e+00 1.1433e-06 2.1494e-05 5.1153e-06 1.7790e-06 3.7294e-06
3.8969e+02 7.6930e-01 7.4157e-01 8.0149e-08 1.5272e-06 3.9264e-07 1.2977e-07 2.7885e-07
3.9131e+02 7.6613e-01 1.9056e+00 4.9793e-07 9.3802e-06 2.4083e-06 7.8134e-07 1.7681e-06
3.9293e+02 7.6297e-01 8.1846e+00 1.6690e-06 3.1380e-05 7.6343e-06 2.5997e-06 5.5866e-06
3.9454e+02 7.5985e-01 7.4743e+00 1.3227e-06 2.4871e-05 5.9356e-06 2.0593e-06 4.3284e-06
3.9616e+02 7.5674e-01 1.0475e+00 1.2113e-07 2.2959e-06 5.6333e-07 1.9294e-07 4.0263e-07
3.9778e+02 7.5367e-01 1.8496e+00 4.7449e-07 8.9412e-06 2.3090e-06 7.4541e-07 1.6954e-06
3.9939e+02 7.5062e-01 9.0452e+00 1.7952e-06 3.3763e-05 8.2401e-06 2.7989e-06 6.0295e-06
4.0101e+02 7.4759e-01 8.8024e+00 1.5283e-06 2.8743e-05 6.8810e-06 2.3810e-06 5.0186e-06
4.0263e+02 7.4459e-01 1.4546e+00 1.7691e-07 3.3429e-06 8.0112e-07 2.7924e-07 5.7529e-07
4.0425e+02 7.4161e-01 1.7715e+00 4.4709e-07 8.4283e-06 2.1905e-06 7.0328e-07 1.6084e-06
4.0586e+02 7.3866e-01 9.9949e+00 1.9305e-06 3.6319e-05 8.8926e-06 3.0127e-06 6.5063e-06
4.0748e+02 7.3572e-01 1.0366e+01 1.7644e-06 3.3194e-05 7.9734e-06 2.7512e-06 5.8159e-06
4.0910e+02 7.3282e-01 1.9904e+00 2.5096e-07 4.7346e-06 1.1226e-06 3.9421e-07 8.0900e-07
4.1071e+02 7.2993e-01 1.6701e+00 4.1576e-07 7.8406e-06 2.0520e-06 6.5487e-07 1.5069e-06
4.1233e+02 7.2707e-01 1.1047e+01 2.0761e-06 3.9072e-05 9.5986e-06 3.2433e-06 7.0218e-06
4.1395e+02 7.2423e-01 1.2215e+01 2.0369e-06 3.8330e-05 9.2405e-06 3.1790e-06 6.7402e-06
4.1556e+02 7.2141e-01 2.6909e+00 3.4774e-07 6.5549e-06 1.5492e-06 5.4488e-07 1.1191e-06
4.1718e+02 7.1861e-01 1.5440e+00 3.8051e-07 7.1786e-06 1.8934e-06 6.0019e-07 1.3907e-06
4.1880e+02 7.1584e-01 1.2217e+01 2.2340e-06 4.2058e-05 1.0366e-05 3.4936e-06 7.5826e-06
4.2042e+02 7.1309e-01 1.4411e+01 2.3528e-06 4.4290e-05 1.0717e-05 3.6757e-06 7.8172e-06
4.2203e+02 7.1035e-01 3.6030e+00 4.7296e-07 8.9120e-06 2.1080e-06 7.4032e-07 1.5255e-06
4.2365e+02 7.0764e-01 1.3928e+00 3.4143e-07 6.4441e-06 1.7148e-06 5.3938e-07 1.2598e-06
4.2527e+02 7.0495e-01 1.3526e+01 2.4063e-06 4.5319e-05 1.1208e-05 3.7672e-06 8.1968e-06
4.2688e+02 7.0228e-01 1.7033e+01 2.7215e-06 5.1249e-05 1.2448e-05 4.2563e-06 9.0798e-06
4.2850e+02 6.9963e-01 4.7889e+00 6.3413e-07 1.1948e-05 2.8349e-06 9.9242e-07 2.0544e-06
4.3012e+02 6.9700e-01 1.2168e+00 2.9875e-07 5.6410e-06 1.5169e-06 4.7277e-07 1.1147e-06
4.3173e+02 6.9439e-01 1.5003e+01 2.5962e-06 4.8914e-05 1.2138e-05 4.0691e-06 8.8750e-06
4.3335e+02 6.9180e-01 2.0189e+01 3.1552e-06 5.9438e-05 1.4494e-05 4.9403e-06 1.0571e-05
4.3497e+02 6.8923e-01 6.3327e+00 8.4122e-07 1.5851e-05 3.7778e-06 1.3170e-06 2.7404e-06
4.3659e+02 6.8668e-01 1.0176e+00 2.5285e-07 4.7769e-06 1.3011e-06 4.0093e-07 9.5643e-07
4.3820e+02 6.8414e-01 1.6681e+01 2.8077e-06 5.2919e-05 1.3176e-05 4.4057e-06 9.6321e-06
4.3982e+02 6.8163e-01 2.4021e+01 3.6702e-06 6.9169e-05 1.6933e-05 5.7537e-06 1.2349e-05
4.4144e+02 6.7913e-01 8.3497e+00 1.1078e-06 2.0879e-05 5.0019e-06 1.7357e-06 3.6311e-06
4.4305e+02 6.7665e-01 7.9942e-01 2.0442e-07 3.8639e-06 1.0699e-06 3.2487e-07 7.8687e-07
4.4467e+02 6.7419e-01 1.8610e+01 3.0462e-06 5.7437e-05 1.4349e-05 4.7857e-06 1.0487e-05
4.4629e+02 6.7175e-01 2.8722e+01 4.2891e-06 8.0865e-05 1.9875e-05 6.7322e-06 1.4492e-05
4.4790e+02 6.6932e-01 1.1002e+01 1.4526e-06 2.7388e-05 6.5978e-06 2.2785e-06 4.7920e-06
4.4952e+02 6.6692e-01 5.7007e-01 1.5456e-07 2.9231e-06 8.2814e-07 2.4631e-07 6.0954e-07
4.5114e+02 6.6452e-01 2.0856e+01 3.3193e-06 6.2613e-05 1.5694e-05 5.2212e-06 1.1467e-05
4.5276e+02 6.6215e-01 3.4565e+01 5.0428e-06 9.5117e-05 2.3471e-05 7.9256e-06 1.7112e-05
4.5437e+02 6.5980e-01 1.4520e+01 1.9025e-06 3.5884e-05 8.6943e-06 2.9878e-06 6.3173e-06
4.5599e+02 6.5746e-01 3.4369e-01 1.0507e-07 1.9883e-06 5.8372e-07 1.6809e-07 4.3005e-07
4.5761e+02 6.5513e-01 2.3510e+01 3.6376e-06 6.8645e-05 1.7262e-05 5.7292e-06 1.2610e-05
4.5922e+02 6.5283e-01 4.1941e+01 5.9763e-06 1.1277e-04 2.7938e-05 9.4052e-06 2.0364e-05
4.6084e+02 6.5053e-01 1.9247e+01 2.4967e-06 4.7110e-05 1.1480e-05 3.9260e-06 8.3437e-06
4.6246e+02 6.4826e-01 1.4518e-01 5.8946e-08 1.1163e-06 3.5026e-07 9.4887e-08 2.5839e-07
4.6407e+02 6.4600e-01 2.6707e+01 4.0162e-06 7.5824e-05 1.9129e-05 6.3339e-06 1.3969e-05
4.6569e+02 6.4376e-01 5.1432e+01 7.1554e-06 1.3509e-04 3.3598e-05 1.1276e-05 2.4484e-05
4.6731e+02 6.4153e-01 2.5701e+01 3.2940e-06 6.2183e-05 1.5241e-05 5.1873e-06 1.1078e-05
4.6892e+02 6.3932e-01 1.8283e-02 2.1294e-08 4.0308e-07 1.5109e-07 3.4729e-08 1.1148e-07
4.7054e+02 6.3712e-01 3.0646e+01 4.4779e-06 8.4580e-05 2.1405e-05 7.0716e-06 1.5625e-05
4.7216e+02 6.3494e-01 6.3927e+01 8.6811e-06 1.6396e-04 4.0941e-05 1.3700e-05 2.9827e-05
4.7378e+02 6.3277e-01 3.4702e+01 4.3871e-06 8.2859e-05 2.0423e-05 6.9192e-06 1.4847e-05
4.7539e+02 6.3062e-01 4.1139e-02 9.4027e-10 1.5852e-08 2.7520e-08 1.6085e-09 1.9259e-08
4.7701e+02 6.2848e-01 3.5634e+01 5.0577e-06 9.5576e-05 2.4261e-05 7.9982e-06 1.7704e-05
4.7863e+02 6.2636e-01 8.0853e+01 1.0714e-05 2.0246e-04 5.0748e-05 1.6933e-05 3.6961e-05
4.8024e+02 6.2425e-01 4.7599e+01 5.9275e-06 1.1201e-04 2.7762e-05 9.3633e-06 2.0181e-05
4.8186e+02 6.2216e-01 3.5765e-01 1.3892e-08 2.5745e-07 5.4943e-08 2.0918e-08 3.6391e-08
4.8348e+02 6.2007e-01 4.2174e+01 5.8123e-06 1.0989e-04 2.7976e-05 9.2041e-06 2.0406e-05
4.8509e+02 6.1801e-01 1.0462e+02 1.3524e-05 2.5569e-04 6.4333e-05 2.1406e-05 4.6840e-05
4.8671e+02 6.1595e-01 6.6742e+01 8.1775e-06 1.5460e-04 3.8526e-05 1.2938e-05 2.8004e-05
4.8833e+02 6.1392e-01 1.2451e+00 9.0621e-08 1.7047e-06 3.7797e-07 1.4107e-07 2.6782e-07
4.8995e+02 6.1189e-01 5.1128e+01 6.8385e-06 1.2935e-04 3.3024e-05 1.0845e-05 2.4078e-05
4.9156e+02 6.0988e-01 1.3954e+02 1.7594e-05 3.3280e-04 8.4046e-05 2.7889e-05 6.1171e-05
4.9318e+02 6.0788e-01 9.6508e+01 1.1622e-05 2.1984e-04 5.5072e-05 1.8417e-05 4.0027e-05
4.9480e+02 6.0589e-01 3.2728e+00 2.9309e-07 5.5320e-06 1.2928e-06 4.6073e-07 9.2843e-07
4.9641e+02 6.0392e-01 6.4098e+01 8.3160e-06 1.5738e-04 4.0285e-05 1.3207e-05 2.9356e-05
4.9803e+02 6.0196e-01 1.9408e+02 2.3858e-05 4.5152e-04 1.1444e-04 3.7877e-05 8.3264e-05
4.9965e+02 6.0001e-01 1.4580e+02 1.7242e-05 3.2632e-04 8.2166e-05 2.7368e-05 5.9709e-05
5.0126e+02 5.9807e-01 7.7152e+00 7.5920e-07 1.4353e-05 3.4621e-06 1.1997e-06 2.4988e-06
5.0288e+02 5.9615e-01 8.4375e+01 1.0611e-05 2.0091e-04 5.1549e-05 1.6876e-05 3.7543e-05
5.0450e+02 5.9424e-01 2.8659e+02 3.4342e-05 6.5028e-04 1.6540e-04 5.4605e-05 1.2029e-04
5.0612e+02 5.9234e-01 2.3501e+02 2.7271e-05 5.1641e-04 1.3067e-04 4.3358e-05 9.4938e-05
5.0773e+02 5.9045e-01 1.7801e+01 1.8366e-06 3.4760e-05 8.5630e-06 2.9130e-06 6.1956e-06
5.0935e+02 5.8858e-01 1.1971e+02 1.4579e-05 2.7619e-04 7.1015e-05 2.3221e-05 5.1688e-05
5.1097e+02 5.8672e-01 4.6374e+02 5.4153e-05 1.0259e-03 2.6185e-04 8.6240e-05 1.9034e-04
5.1258e+02 5.8487e-01 4.1946e+02 4.7729e-05 9.0431e-04 2.2993e-04 7.6012e-05 1.6701e-04
5.1420e+02 5.8303e-01 4.3360e+01 4.5796e-06 8.6747e-05 2.1702e-05 7.2841e-06 1.5723e-05
5.1582e+02 5.8120e-01 1.9257e+02 2.2687e-05 4.3002e-04 1.1076e-04 3.6190e-05 8.0566e-05
5.1743e+02 5.7938e-01 8.7545e+02 9.9594e-05 1.8879e-03 4.8342e-04 1.5886e-04 3.5124e-04
5.1905e+02 5.7758e-01 8.9530e+02 9.9834e-05 1.8926e-03 4.8344e-04 1.5926e-04 3.5105e-04
5.2067e+02 5.7578e-01 1.2492e+02 1.3320e-05 2.5249e-04 6.3931e-05 2.1238e-05 4.6355e-05
5.2229e+02 5.7400e-01 3.9561e+02 4.5021e-05 8.5379e-04 2.2021e-04 7.1921e-05 1.6005e-04
5.2390e+02 5.7223e-01 2.2532e+03 2.4965e-04 4.7349e-03 1.2163e-03 3.9884e-04 8.8326e-04
5.2552e+02 5.7047e-01 2.8124e+03 3.0717e-04 5.8264e-03 1.4950e-03 4.9085e-04 1.0852e-03
5.2714e+02 5.6872e-01 5.7317e+02 6.1163e-05 1.1602e-03 2.9668e-04 9.7741e-05 2.1521e-04
5.2875e+02 5.6698e-01 1.5667e+03 1.7191e-04 3.2618e-03 8.4189e-04 2.7502e-04 6.1136e-04
5.3037e+02 5.6525e-01 1.5036e+04 1.6220e-03 3.0779e-02 7.9298e-03 2.5954e-03 5.7555e-03
5.3199e+02 5.6353e-01 4.0085e+04 4.2862e-03 8.1346e-02 2.0962e-02 6.8609e-03 1.5211e-02
5.3360e+02 5.6183e-01 6.0887e+04 6.4644e-03 1.2270e-01 3.1639e-02 1.0352e-02 2.2956e-02
5.3522e+02 5.6013e-01 6.0628e+04 6.3978e-03 1.2145e-01 3.1345e-02 1.0249e-02 2.2739e-02
5.3684e+02 5.5844e-01 3.9512e+04 4.1482e-03 7.8760e-02 2.0349e-02 6.6483e-03 1.4761e-02
5.3846e+02 5.5676e-01 1.4557e+04 1.5231e-03 2.8923e-02 7.4841e-03 2.4422e-03 5.4288e-03
5.4007e+02 5.5510e-01 1.4127e+03 1.4862e-04 2.8227e-03 7.3314e-04 2.3845e-04 5.3196e-04
5.4169e+02 5.5344e-01 6.4909e+02 6.5651e-05 1.2469e-03 3.2139e-04 1.0530e-04 2.3288e-04
5.4331e+02 5.5179e-01 2.8930e+03 2.9549e-04 5.6134e-03 1.4540e-03 4.7433e-04 1.0541e-03
5.4492e+02 5.5016e-01 2.2453e+03 2.2981e-04 4.3664e-03 1.1343e-03 3.6912e-04 8.2248e-04
5.4654e+02 5.4853e-01 3.6806e+02 3.8254e-05 7.2698e-04 1.9004e-04 6.1494e-05 1.3788e-04
5.4816e+02 5.4691e-01 1.4654e+02 1.4138e-05 2.6862e-04 6.9028e-05 2.2699e-05 4.9950e-05
5.4977e+02 5.4530e-01 9.3879e+02 9.3244e-05 1.7723e-03 4.6017e-04 1.4992e-04 3.3338e-04
5.5139e+02 5.4370e-01 8.8830e+02 8.8895e-05 1.6900e-03 4.4071e-04 1.4303e-04 3.1941e-04
5.5301e+02 5.4211e-01 1.8355e+02 1.8804e-05 3.5757e-04 9.4017e-05 3.0284e-05 6.8205e-05
5.5462e+02 5.4053e-01 5.2741e+01 4.8192e-06 9.1592e-05 2.3400e-05 7.7416e-06 1.6904e-05
5.5624e+02 5.3896e-01 4.4721e+02 4.3174e-05 8.2108e-04 2.1363e-04 6.9525e-05 1.5466e-04
5.5786e+02 5.3740e-01 4.7826e+02 4.6781e-05 8.8987e-04 2.3290e-04 7.5398e-05 1.6871e-04
5.5948e+02 5.3585e-01 1.1664e+02 1.1758e-05 2.2372e-04 5.9135e-05 1.8971e-05 4.2890e-05
5.6109e+02 5.3430e-01 2.2607e+01 1.9353e-06 3.6780e-05 9.2984e-06 3.1074e-06 6.7029e-06
5.6271e+02 5.3277e-01 2.5458e+02 2.3875e-05 4.5430e-04 1.1841e-04 3.8506e-05 8.5665e-05
5.6433e+02 5.3124e-01 3.0023e+02 2.8694e-05 5.4612e-04 1.4342e-04 4.6325e-05 1.0384e-04
5.6594e+02 5.2972e-01 8.3952e+01 8.3162e-06 1.5832e-04 4.2052e-05 1.3441e-05 3.0492e-05
5.6756e+02 5.2821e-01 1.0373e+01 8.1730e-07 1.5522e-05 3.8480e-06 1.3089e-06 2.7660e-06
5.6918e+02 5.2671e-01 1.6044e+02 1.4608e-05 2.7810e-04 7.2591e-05 2.3595e-05 5.2475e-05
5.7079e+02 5.2522e-01 2.0647e+02 1.9274e-05 3.6705e-04 9.6706e-05 3.1171e-05 6.9980e-05
5.7241e+02 5.2374e-01 6.5080e+01 6.3280e-06 1.2054e-04 3.2161e-05 1.0246e-05 2.3313e-05
5.7403e+02 5.2226e-01 4.7930e+00 3.3707e-07 6.3854e-06 1.5215e-06 5.3546e-07 1.0893e-06
5.7565e+02 5.2079e-01 1.0788e+02 9.5292e-06 1.8151e-04 4.7425e-05 1.5414e-05 3.4254e-05
5.7726e+02 5.1933e-01 1.5075e+02 1.3741e-05 2.6183e-04 6.9190e-05 2.2259e-05 5.0041e-05
5.7888e+02 5.1788e-01 5.2946e+01 5.0489e-06 9.6224e-05 2.5781e-05 8.1888e-06 1.8681e-05
5.8050e+02 5.1644e-01 2.1258e+00 1.2601e-07 2.3683e-06 5.1317e-07 1.9532e-07 3.6539e-07
5.8211e+02 5.1501e-01 7.5797e+01 6.4903e-06 1.2369e-04 3.2334e-05 1.0513e-05 2.3334e-05
5.8373e+02 5.1358e-01 1.1477e+02 1.0211e-05 1.9467e-04 5.1587e-05 1.6568e-05 3.7288e-05
5.8535e+02 5.1216e-01 4.4530e+01 4.1613e-06 7.9353e-05 2.1343e-05 6.7608e-06 1.5460e-05
5.8696e+02 5.1075e-01 8.7249e-01 3.9819e-08 7.2706e-07 1.1562e-07 5.6451e-08 8.2147e-08
5.8858e+02 5.0935e-01 5.4936e+01 4.5558e-06 8.6859e-05 2.2706e-05 7.3884e-06 1.6370e-05
5.9020e+02 5.0795e-01 9.0072e+01 7.8192e-06 1.4916e-04 3.9629e-05 1.2709e-05 2.8626e-05
5.9182e+02 5.0656e-01 3.8353e+01 3.5101e-06 6.6973e-05 1.8078e-05 5.7126e-06 1.3089e-05
5.9343e+02 5.0518e-01 3.5338e-01 1.4615e-08 2.4747e-07 1.5829e-08 1.6134e-08 1.3305e-08
5.9505e+02 5.0381e-01 4.0720e+01 3.2670e-06 6.2311e-05 1.6277e-05 5.3041e-06 1.1724e-05
5.9667e+02 5.0245e-01 7.2326e+01 6.1245e-06 1.1689e-04 3.1128e-05 9.9706e-06 2.2471e-05
5.9828e+02 5.0109e-01 3.3617e+01 3.0116e-06 5.7492e-05 1.5571e-05 4.9094e-06 1.1269e-05
5.9990e+02 4.9974e-01 2.3096e-01 1.9678e-08 3.4492e-07 6.3083e-08 2.4864e-08 4.9979e-08
6.0152e+02 4.9839e-01 3.0680e+01 2.3784e-06 4.5379e-05 1.1835e-05 3.8649e-06 8.5155e-06
6.0313e+02 4.9706e-01 5.9105e+01 4.8802e-06 9.3195e-05 2.4868e-05 7.9574e-06 1.7940e-05
6.0475e+02 4.9573e-01 2.9856e+01 2.6168e-06 4.9982e-05 1.3579e-05 4.2729e-06 9.8223e-06
6.0637e+02 4.9441e-01 3.2607e-01 3.9304e-08 7.2049e-07 1.8031e-07 5.7300e-08 1.3659e-07
6.0799e+02 4.9309e-01 2.3392e+01 1.7496e-06 3.3391e-05 8.6856e-06 2.8450e-06 6.2425e-06
6.0960e+02 4.9178e-01 4.8964e+01 3.9406e-06 7.5294e-05 2.0127e-05 6.4354e-06 1.4509e-05
6.1122e+02 4.9048e-01 2.6782e+01 2.2956e-06 4.3872e-05 1.1953e-05 3.7547e-06 8.6417e-06
6.1284e+02 4.8919e-01 5.3857e-01 6.5121e-08 1.2150e-06 3.2649e-07 9.9925e-08 2.4356e-07
6.1445e+02 4.8790e-01 1.7986e+01 1.2958e-06 2.4734e-05 6.4084e-06 2.1077e-06 4.6004e-06
6.1607e+02 4.8662e-01 4.1002e+01 3.2151e-06 6.1463e-05 1.6453e-05 5.2585e-06 1.1852e-05
6.1769e+02 4.8535e-01 2.4209e+01 2.0286e-06 3.8790e-05 1.0596e-05 3.3234e-06 7.6565e-06
6.1930e+02 4.8408e-01 8.1028e-01 9.2585e-08 1.7416e-06 4.7923e-07 1.4536e-07 3.5478e-07
6.2092e+02 4.8282e-01 1.3909e+01 9.6335e-07 1.8388e-05 4.7377e-06 1.5667e-06 3.3969e-06
6.2254e+02 4.8156e-01 3.4627e+01 2.6445e-06 5.0579e-05 1.3554e-05 4.3313e-06 9.7566e-06
6.2416e+02 4.8032e-01 2.2014e+01 1.8027e-06 3.4488e-05 9.4435e-06 2.9580e-06 6.8197e-06
6.2577e+02 4.7908e-01 1.1064e+00 1.1923e-07 2.2526e-06 6.2627e-07 1.8954e-07 4.6144e-07
6.2739e+02 4.7784e-01 1.0796e+01 7.1710e-07 1.3686e-05 3.4991e-06 1.1654e-06 2.5057e-06
6.2901e+02 4.7661e-01 2.9441e+01 2.1888e-06 4.1884e-05 1.1232e-05 3.5898e-06 8.0787e-06
6.3062e+02 4.7539e-01 2.0108e+01 1.6086e-06 3.0792e-05 8.4495e-06 2.6438e-06 6.0984e-06
6.3224e+02 4.7417e-01 1.4058e+00 1.4367e-07 2.7225e-06 7.6096e-07 2.3024e-07 5.5893e-07
6.3386e+02 4.7297e-01 8.3955e+00 5.3345e-07 1.0176e-05 2.5748e-06 8.6552e-07 1.8412e-06
6.3547e+02 4.7176e-01 2.5165e+01 1.8205e-06 3.4851e-05 9.3486e-06 2.9895e-06 6.7185e-06
6.3709e+02 4.7056e-01 1.8432e+01 1.4401e-06 2.7579e-05 7.5822e-06 2.3703e-06 5.4690e-06
6.3871e+02 4.6937e-01 1.6953e+00 1.6527e-07 3.1384e-06 8.8005e-07 2.6638e-07 6.4485e-07
6.4033e+02 4.6819e-01 6.5336e+00 3.9588e-07 7.5458e-06 1.8827e-06 6.4055e-07 1.3444e-06
6.4194e+02 4.6701e-01 2.1600e+01 1.5197e-06 2.9105e-05 7.8057e-06 2.4984e-06 5.6048e-06
6.4356e+02 4.6584e-01 1.6939e+01 1.2921e-06 2.4758e-05 6.8177e-06 2.1300e-06 4.9143e-06
6.4518e+02 4.6467e-01 1.9670e+00 1.8373e-07 3.4947e-06 9.8212e-07 2.9746e-07 7.1818e-07
6.4679e+02 4.6351e-01 5.0840e+00 2.9276e-07 5.5725e-06 1.3644e-06 4.7161e-07 9.7306e-07
6.4841e+02 4.6235e-01 1.8599e+01 1.2721e-06 2.4370e-05 6.5312e-06 2.0934e-06 4.6856e-06
6.5003e+02 4.6120e-01 1.5596e+01 1.1613e-06 2.2261e-05 6.1385e-06 1.9171e-06 4.4218e-06
6.5164e+02 4.6006e-01 2.2162e+00 1.9903e-07 3.7903e-06 1.0669e-06 3.2339e-07 7.7890e-07
6.5326e+02 4.5892e-01 3.9543e+00 2.1559e-07 4.0955e-06 9.7767e-07 3.4503e-07 6.9647e-07
6.5488e+02 4.5778e-01 1.6055e+01 1.0667e-06 2.0443e-05 5.4716e-06 1.7570e-06 3.9219e-06
6.5649e+02 4.5666e-01 1.4379e+01 1.0447e-06 2.0037e-05 5.5311e-06 1.7271e-06 3.9816e-06
6.5811e+02 4.5553e-01 2.4400e+00 2.1122e-07 4.0269e-06 1.1349e-06 3.4425e-07 8.2734e-07
6.5973e+02 4.5442e-01 3.0755e+00 1.5819e-07 2.9961e-06 6.9129e-07 2.5075e-07 4.9208e-07
6.6135e+02 4.5331e-01 1.3884e+01 8.9560e-07 1.7168e-05 4.5861e-06 1.4762e-06 3.2841e-06
6.6296e+02 4.5220e-01 1.3269e+01 9.4042e-07 1.8045e-05 4.9853e-06 1.5568e-06 3.5860e-06
6.6458e+02 4.5110e-01 2.6371e+00 2.2047e-07 4.2073e-06 1.1870e-06 3.6033e-07 8.6412e-07
6.6620e+02 4.5001e-01 2.3951e+00 1.1591e-07 2.1859e-06 4.8180e-07 1.8122e-07 3.4300e-07
6.6781e+02 4.4892e-01 1.2022e+01 7.5241e-07 1.4426e-05 3.8430e-06 1.2407e-06 2.7495e-06
6.6943e+02 4.4783e-01 1.2250e+01 8.4669e-07 1.6254e-05 4.4925e-06 1.4035e-06 3.2292e-06
6.7105e+02 4.4675e-01 2.8073e+00 2.2700e-07 4.3358e-06 1.2241e-06 3.7192e-07 8.9007e-07
6.7266e+02 4.4568e-01 1.8726e+00 8.5222e-08 1.5976e-06 3.3150e-07 1.3073e-07 2.3637e-07
6.7428e+02 4.4461e-01 1.0419e+01 6.3223e-07 1.2123e-05 3.2179e-06 1.0427e-06 2.3000e-06
6.7590e+02 4.4355e-01 1.1311e+01 7.6221e-07 1.4638e-05 4.0464e-06 1.2649e-06 2.9064e-06
6.7752e+02 4.4249e-01 2.9506e+00 2.3106e-07 4.4165e-06 1.2476e-06 3.7937e-07 9.0608e-07
6.7913e+02 4.4143e-01 1.4764e+00 6.3427e-08 1.1798e-06 2.2667e-07 9.4912e-08 1.6233e-07
6.8075e+02 4.4039e-01 9.0349e+00 5.3109e-07 1.0185e-05 2.6909e-06 8.7584e-07 1.9216e-06
6.8237e+02 4.3934e-01 1.0442e+01 6.8580e-07 1.3176e-05 3.6416e-06 1.1395e-06 2.6137e-06
6.8398e+02 4.3830e-01 3.0679e+00 2.3283e-07 4.4540e-06 1.2585e-06 3.8310e-07 9.1308e-07
6.8560e+02 4.3727e-01 1.1814e+00 4.8476e-08 8.9286e-07 1.5676e-07 7.0338e-08 1.1326e-07
6.8722e+02 4.3624e-01 7.8370e+00 4.4599e-07 8.5515e-06 2.2465e-06 7.3506e-07 1.6027e-06
6.8883e+02 4.3522e-01 9.6373e+00 6.1671e-07 1.1853e-05 3.2739e-06 1.0257e-06 2.3480e-06
6.9045e+02 4.3420e-01 3.1601e+00 2.3263e-07 4.4529e-06 1.2584e-06 3.8348e-07 9.1204e-07
6.9207e+02 4.3318e-01 9.6764e-01 3.8699e-08 7.0574e-07 1.1342e-07 5.4383e-08 8.3146e-08
6.9369e+02 4.3217e-01 6.7992e+00 3.7422e-07 7.1743e-06 1.8716e-06 6.1625e-07 1.3339e-06
6.9530e+02 4.3117e-01 8.8894e+00 5.5404e-07 1.0653e-05 2.9396e-06 9.2239e-07 2.1064e-06
6.9692e+02 4.3017e-01 3.2283e+00 2.3061e-07 4.4176e-06 1.2484e-06 3.8088e-07 9.0382e-07
6.9854e+02 4.2917e-01 8.1888e-01 3.2867e-08 5.9426e-07 9.0169e-08 4.4960e-08 6.7346e-08
7.0015e+02 4.2818e-01 5.8995e+00 3.1385e-07 6.0138e-06 1.5556e-06 5.1602e-07 1.1077e-06
7.0177e+02 4.2719e-01 8.1939e+00 4.9730e-07 9.5642e-06 2.6353e-06 8.2855e-07 1.8869e-06
7.0339e+02 4.2621e-01 3.2741e+00 2.2708e-07 4.3525e-06 1.2296e-06 3.7567e-07 8.8933e-07
7.0500e+02 4.2523e-01 7.2197e-01 2.9959e-08 5.3923e-07 8.1871e-08 4.0429e-08 6.2125e-08
7.0662e+02 4.2426e-01 5.1197e+00 2.6303e-07 5.0370e-06 1.2896e-06 4.3155e-07 9.1765e-07
7.0824e+02 4.2329e-01 7.5467e+00 4.4583e-07 8.5767e-06 2.3586e-06 7.4330e-07 1.6875e-06
7.0986e+02 4.2233e-01 3.2988e+00 2.2221e-07 4.2617e-06 1.2033e-06 3.6820e-07 8.6945e-07
7.1147e+02 4.2137e-01 6.6613e-01 2.9195e-08 5.2560e-07 8.4453e-08 3.9498e-08 6.4569e-08
7.1309e+02 4.2041e-01 4.4447e+00 2.2038e-07 4.2163e-06 1.0665e-06 3.6051e-07 7.5834e-07
7.1471e+02 4.1946e-01 6.9443e+00 3.9924e-07 7.6813e-06 2.1072e-06 6.6587e-07 1.5063e-06
7.1632e+02 4.1852e-01 3.3040e+00 2.1625e-07 4.1490e-06 1.1706e-06 3.5879e-07 8.4497e-07
7.1794e+02 4.1757e-01 6.4247e-01 2.9959e-08 5.4146e-07 9.4672e-08 4.1137e-08 7.2359e-08
7.1956e+02 4.1663e-01 3.8611e+00 1.8461e-07 3.5285e-06 8.7990e-07 3.0093e-07 6.2532e-07
7.2117e+02 4.1570e-01 6.3839e+00 3.5700e-07 6.8699e-06 1.8789e-06 5.9563e-07 1.3421e-06
7.2279e+02 4.1477e-01 3.2913e+00 2.0931e-07 4.0182e-06 1.1324e-06 3.4777e-07 8.1667e-07
7.2441e+02 4.1384e-01 6.4363e-01 3.1762e-08 5.7743e-07 1.0995e-07 4.4534e-08 8.3668e-08
7.2603e+02 4.1292e-01 3.3579e+00 1.5479e-07 2.9541e-06 7.2457e-07 2.5113e-07 5.1472e-07
7.2764e+02 4.1201e-01 5.8629e+00 3.1884e-07 6.1357e-06 1.6720e-06 5.3196e-07 1.1933e-06
7.2926e+02 4.1109e-01 3.2623e+00 2.0165e-07 3.8724e-06 1.0898e-06 3.3540e-07 7.8520e-07
7.3088e+02 4.1018e-01 6.6352e-01 3.4216e-08 6.2609e-07 1.2830e-07 4.9051e-08 9.7033e-08
7.3249e+02 4.0928e-01 2.9252e+00 1.2997e-07 2.4764e-06 5.9587e-07 2.0971e-07 4.2329e-07
7.3411e+02 4.0838e-01 5.3790e+00 2.8436e-07 5.4722e-06 1.4848e-06 4.7436e-07 1.0589e-06
7.3573e+02 4.0748e-01 3.2186e+00 1.9337e-07 3.7149e-06 1.0438e-06 3.2198e-07 7.5131e-07
7.3734e+02 4.0658e-01 6.9708e-01 3.7020e-08 6.8167e-07 1.4813e-07 5.4179e-08 1.1135e-07
7.3896e+02 4.0569e-01 2.5546e+00 1.0944e-07 2.0810e-06 4.8997e-07 1.7541e-07 3.4817e-07
7.4058e+02 4.0481e-01 4.9304e+00 2.5329e-07 4.8738e-06 1.3158e-06 4.2233e-07 9.3773e-07
7.4219e+02 4.0393e-01 3.1619e+00 1.8467e-07 3.5486e-06 9.9502e-07 3.0772e-07 7.1562e-07
7.4381e+02 4.0305e-01 7.4010e-01 3.9958e-08 7.3970e-07 1.6823e-07 5.9521e-08 1.2577e-07
7.4543e+02 4.0217e-01 2.2386e+00 9.2544e-08 1.7557e-06 4.0348e-07 1.4721e-07 2.8691e-07
7.4705e+02 4.0130e-01 4.5151e+00 2.2532e-07 4.3352e-06 1.1636e-06 3.7547e-07 8.2865e-07
7.4866e+02 4.0044e-01 3.0937e+00 1.7563e-07 3.3761e-06 9.4435e-07 2.9290e-07 6.7859e-07
7.5028e+02 3.9957e-01 7.8912e-01 4.2842e-08 7.9682e-07 1.8763e-07 6.4788e-08 1.3965e-07
7.5190e+02 3.9871e-01 1.9706e+00 7.8744e-08 1.4898e-06 3.3352e-07 1.2416e-07 2.3746e-07
7.5351e+02 3.9786e-01 4.1314e+00 2.0022e-07 3.8514e-06 1.0270e-06 3.3332e-07 7.3077e-07
7.5513e+02 3.9701e-01 3.0156e+00 1.6641e-07 3.1997e-06 8.9253e-07 2.7770e-07 6.4070e-07
7.5675e+02 3.9616e-01 8.4126e-01 4.5542e-08 8.5045e-07 2.0569e-07 6.9759e-08 1.5241e-07
7.5836e+02 3.9531e-01 1.7448e+00 6.7552e-08 1.2743e-06 2.7749e-07 1.0550e-07 1.9803e-07
7.5998e+02 3.9447e-01 3.7779e+00 1.7775e-07 3.4181e-06 9.0460e-07 2.9552e-07 6.4338e-07
7.6160e+02 3.9364e-01 2.9290e+00 1.5710e-07 3.0215e-06 8.4008e-07 2.6230e-07 6.0262e-07
7.6322e+02 3.9280e-01 8.9419e-01 4.7964e-08 8.9875e-07 2.2186e-07 7.4260e-08 1.6379e-07
7.6483e+02 3.9197e-01 1.5559e+00 5.8568e-08 1.1012e-06 2.3332e-07 9.0556e-08 1.6690e-07
7.6645e+02 3.9114e-01 3.4529e+00 1.5770e-07 3.0311e-06 7.9551e-07 2.6175e-07 5.6544e-07
7.6807e+02 3.9032e-01 2.8354e+00 1.4781e-07 2.8435e-06 7.8771e-07 2.4688e-07 5.6458e-07
7.6968e+02 3.8950e-01 9.4602e-01 5.0036e-08 9.4050e-07 2.3581e-07 7.8181e-08 1.7356e-07
7.7130e+02 3.8868e-01 1.3993e+00 5.1417e-08 9.6372e-07 1.9894e-07 7.8705e-08 1.4279e-07
7.7292e+02 3.8787e-01 3.1551e+00 1.3986e-07 2.6866e-06 6.9854e-07 2.3165e-07 4.9624e-07
7.7453e+02 3.8706e-01 2.7362e+00 1.3863e-07 2.6672e-06 7.3590e-07 2.3158e-07 5.2697e-07
7.7615e+02 3.8626e-01 9.9523e-01 5.1727e-08 9.7481e-07 2.4740e-07 8.1457e-08 1.8154e-07
7.7777e+02 3.8545e-01 1.2707e+00 4.5793e-08 8.5582e-07 1.7273e-07 6.9450e-08 1.2447e-07
7.7939e+02 3.8465e-01 2.8829e+00 1.2404e-07 2.3808e-06 6.1264e-07 2.0492e-07 4.3510e-07
7.8100e+02 3.8386e-01 2.6327e+00 1.2965e-07 2.4942e-06 6.8499e-07 2.1653e-07 4.9018e-07
7.8262e+02 3.8306e-01 1.0407e+00 5.3030e-08 1.0013e-06 2.5648e-07 8.4034e-08 1.8774e-07
7.8424e+02 3.8227e-01 1.1664e+00 4.1434e-08 7.7236e-07 1.5329e-07 6.2345e-08 1.1091e-07
7.8585e+02 3.8149e-01 2.6351e+00 1.1005e-07 2.1106e-06 5.3694e-07 1.8128e-07 3.8121e-07
7.8747e+02 3.8070e-01 2.5261e+00 1.2090e-07 2.3258e-06 6.3539e-07 2.0186e-07 4.5433e-07
7.8909e+02 3.7992e-01 1.0814e+00 5.3918e-08 1.0200e-06 2.6298e-07 8.5913e-08 1.9205e-07
7.9070e+02 3.7915e-01 1.0831e+00 3.8105e-08 7.0889e-07 1.3933e-07 5.6990e-08 1.0122e-07
7.9232e+02 3.7837e-01 2.4102e+00 9.7715e-08 1.8723e-06 4.7058e-07 1.6044e-07 3.3408e-07
7.9394e+02 3.7760e-01 2.4177e+00 1.1243e-07 2.1629e-06 5.8754e-07 1.8764e-07 4.1983e-07
7.9556e+02 3.7683e-01 1.1169e+00 5.4401e-08 1.0308e-06 2.6703e-07 8.7096e-08 1.9461e-07
7.9717e+02 3.7607e-01 1.0176e+00 3.5616e-08 6.6164e-07 1.2973e-07 5.3064e-08 9.4571e-08
7.9879e+02 3.7531e-01 2.2070e+00 8.6905e-08 1.6633e-06 4.1265e-07 1.4216e-07 2.9295e-07
8.0041e+02 3.7455e-01 2.3084e+00 1.0430e-07 2.0063e-06 5.4166e-07 1.7395e-07 3.8677e-07
8.0202e+02 3.7380e-01 1.1466e+00 5.4498e-08 1.0342e-06 2.6877e-07 8.7606e-08 1.9550e-07
8.0364e+02 3.7304e-01 9.6723e-01 3.3792e-08 6.2727e-07 1.2359e-07 5.0274e-08 9.0352e-08
8.0526e+02 3.7229e-01 2.0240e+00 7.7470e-08 1.4808e-06 3.6232e-07 1.2619e-07 2.5727e-07
8.0687e+02 3.7155e-01 2.1993e+00 9.6564e-08 1.8570e-06 4.9789e-07 1.6088e-07 3.5529e-07
8.0849e+02 3.7080e-01 1.1703e+00 5.4241e-08 1.0305e-06 2.6829e-07 8.7483e-08 1.9480e-07
8.1011e+02 3.7006e-01 9.2954e-01 3.2479e-08 6.0299e-07 1.2009e-07 4.8368e-08 8.7970e-08
8.1173e+02 3.6933e-01 1.8601e+00 6.9250e-08 1.3219e-06 3.1886e-07 1.1231e-07 2.2651e-07
8.1334e+02 3.6859e-01 2.0913e+00 8.9223e-08 1.7152e-06 4.5645e-07 1.4847e-07 3.2554e-07
8.1496e+02 3.6786e-01 1.1880e+00 5.3657e-08 1.0204e-06 2.6578e-07 8.6784e-08 1.9267e-07
8.1658e+02 3.6713e-01 9.0234e-01 3.1567e-08 5.8641e-07 1.1857e-07 4.7135e-08 8.6948e-08
8.1819e+02 3.6641e-01 1.7138e+00 6.2131e-08 1.1843e-06 2.8160e-07 1.0028e-07 2.0015e-07
8.1981e+02 3.6569e-01 1.9851e+00 8.2302e-08 1.5815e-06 4.1751e-07 1.3674e-07 2.9760e-07
8.2143e+02 3.6497e-01 1.1997e+00 5.2772e-08 1.0044e-06 2.6148e-07 8.5551e-08 1.8926e-07
8.2304e+02 3.6425e-01 8.8365e-01 3.0943e-08 5.7551e-07 1.1844e-07 4.6409e-08 8.6875e-08
8.2466e+02 3.6353e-01 1.5840e+00 5.5984e-08 1.0657e-06 2.4979e-07 8.9948e-08 1.7769e-07
8.2628e+02 3.6282e-01 1.8816e+00 7.5807e-08 1.4561e-06 3.8107e-07 1.2573e-07 2.7149e-07
8.2790e+02 3.6211e-01 1.2055e+00 5.1623e-08 9.8327e-07 2.5559e-07 8.3850e-08 1.8473e-07
8.2951e+02 3.6141e-01 8.7175e-01 3.0529e-08 5.6860e-07 1.1924e-07 4.6025e-08 8.7434e-08
8.3113e+02 3.6071e-01 1.4693e+00 5.0715e-08 9.6391e-07 2.2285e-07 8.1083e-08 1.5870e-07
8.3275e+02 3.6000e-01 1.7813e+00 6.9763e-08 1.3391e-06 3.4718e-07 1.1545e-07 2.4726e-07
8.3436e+02 3.5931e-01 1.2058e+00 5.0261e-08 9.5773e-07 2.4828e-07 8.1740e-08 1.7920e-07
8.3598e+02 3.5861e-01 8.6510e-01 3.0254e-08 5.6431e-07 1.2055e-07 4.5873e-08 8.8312e-08
8.3760e+02 3.5792e-01 1.3686e+00 4.6203e-08 8.7696e-07 2.0022e-07 7.3538e-08 1.4276e-07
8.3921e+02 3.5723e-01 1.6848e+00 6.4139e-08 1.2306e-06 3.1590e-07 1.0591e-07 2.2493e-07
8.4083e+02 3.5654e-01 1.2009e+00 4.8690e-08 9.2838e-07 2.3983e-07 7.9284e-08 1.7289e-07
8.4245e+02 3.5586e-01 8.6236e-01 3.0048e-08 5.6148e-07 1.2207e-07 4.5851e-08 8.9292e-08
8.4406e+02 3.5518e-01 1.2807e+00 4.2372e-08 8.0305e-07 1.8133e-07 6.7151e-08 1.2945e-07
8.4568e+02 3.5450e-01 1.5924e+00 5.8968e-08 1.1304e-06 2.8718e-07 9.7108e-08 2.0445e-07
8.4730e+02 3.5382e-01 1.1911e+00 4.6981e-08 8.9601e-07 2.3044e-07 7.6538e-08 1.6595e-07
8.4892e+02 3.5315e-01 8.6236e-01 2.9873e-08 5.5924e-07 1.2352e-07 4.5863e-08 9.0234e-08
8.5053e+02 3.5248e-01 1.2043e+00 3.9114e-08 7.4048e-07 1.6570e-07 6.1762e-08 1.1847e-07
8.5215e+02 3.5181e-01 1.5047e+00 5.4209e-08 1.0384e-06 2.6102e-07 8.9016e-08 1.8581e-07
8.5377e+02 3.5114e-01 1.1769e+00 4.5144e-08 8.6122e-07 2.2034e-07 7.3566e-08 1.5849e-07
8.5538e+02 3.5048e-01 8.6410e-01 2.9692e-08 5.5686e-07 1.2469e-07 4.5862e-08 9.0925e-08
8.5700e+02 3.4982e-01 1.1384e+00 3.6365e-08 6.8772e-07 1.5284e-07 5.7256e-08 1.0941e-07
8.5862e+02 3.4916e-01 1.4218e+00 4.9869e-08 9.5442e-07 2.3732e-07 8.1638e-08 1.6893e-07
8.6023e+02 3.4850e-01 1.1588e+00 4.3226e-08 8.2468e-07 2.0978e-07 7.0422e-08 1.5073e-07
8.6185e+02 3.4785e-01 8.6672e-01 2.9479e-08 5.5374e-07 1.2550e-07 4.5777e-08 9.1346e-08
8.6347e+02 3.4720e-01 1.0819e+00 3.4050e-08 6.4332e-07 1.4234e-07 5.3486e-08 1.0202e-07
8.6509e+02 3.4655e-01 1.3440e+00 4.5930e-08 8.7808e-07 2.1594e-07 7.4941e-08 1.5374e-07
8.6670e+02 3.4590e-01 1.1373e+00 4.1256e-08 7.8704e-07 1.9886e-07 6.7175e-08 1.4276e-07
8.6832e+02 3.4526e-01 8.6950e-01 2.9205e-08 5.4962e-07 1.2575e-07 4.5595e-08 9.1381e-08
8.6994e+02 3.4461e-01 1.0338e+00 3.2083e-08 6.0609e-07 1.3374e-07 5.0349e-08 9.5994e-08
8.7155e+02 3.4397e-01 1.2714e+00 4.2354e-08 8.0908e-07 1.9675e-07 6.8890e-08 1.4016e-07
8.7317e+02 3.4334e-01 1.1129e+00 3.9263e-08 7.4880e-07 1.8782e-07 6.3863e-08 1.3472e-07
8.7479e+02 3.4270e-01 8.7187e-01 2.8885e-08 5.4412e-07 1.2551e-07 4.5282e-08 9.1009e-08
8.7640e+02 3.4207e-01 9.9297e-01 3.0443e-08 5.7478e-07 1.2685e-07 4.7742e-08 9.1097e-08
8.7802e+02 3.4144e-01 1.2040e+00 3.9138e-08 7.4696e-07 1.7970e-07 6.3455e-08 1.2807e-07
8.7964e+02 3.4081e-01 1.0861e+00 3.7253e-08 7.1045e-07 1.7676e-07 6.0531e-08 1.2673e-07
8.8126e+02 3.4019e-01 8.7336e-01 2.8472e-08 5.3714e-07 1.2465e-07 4.4822e-08 9.0227e-08
8.8287e+02 3.3956e-01 9.5861e-01 2.9049e-08 5.4843e-07 1.2127e-07 4.5574e-08 8.7121e-08
8.8449e+02 3.3894e-01 1.1419e+00 3.6262e-08 6.9134e-07 1.6461e-07 5.8602e-08 1.1737e-07
8.8611e+02 3.3833e-01 1.0573e+00 3.5275e-08 6.7246e-07 1.6586e-07 5.7225e-08 1.1886e-07
8.8772e+02 3.3771e-01 8.7359e-01 2.7987e-08 5.2862e-07 1.2319e-07 4.4209e-08 8.9034e-08
8.8934e+02 3.3710e-01 9.2979e-01 2.7860e-08 5.2614e-07 1.1672e-07 4.3755e-08 8.3884e-08
8.9096e+02 3.3648e-01 1.0850e+00 3.3689e-08 6.4178e-07 1.5133e-07 5.4285e-08 1.0797e-07
8.9257e+02 3.3587e-01 1.0271e+00 3.3334e-08 6.3522e-07 1.5523e-07 5.3980e-08 1.1118e-07
8.9419e+02 3.3527e-01 8.7230e-01 2.7429e-08 5.1853e-07 1.2118e-07 4.3450e-08 8.7432e-08
8.9581e+02 3.3466e-01 9.0570e-01 2.6845e-08 5.0707e-07 1.1303e-07 4.2226e-08 8.1226e-08
8.9743e+02 3.3406e-01 1.0331e+00 3.1408e-08 5.9775e-07 1.3973e-07 5.0471e-08 9.9754e-08
8.9904e+02 3.3346e-01 9.9595e-01 3.1451e-08 5.9903e-07 1.4495e-07 5.0831e-08 1.0377e-07
9.0066e+02 3.3286e-01 8.6932e-01 2.6794e-08 5.0698e-07 1.1859e-07 4.2551e-08 8.5412e-08
9.0228e+02 3.3226e-01 8.8558e-01 2.5960e-08 4.9058e-07 1.0994e-07 4.0914e-08 7.8976e-08
9.0389e+02 3.3167e-01 9.8612e-01 2.9392e-08 5.5888e-07 1.2967e-07 4.7103e-08 9.2660e-08
9.0551e+02 3.3108e-01 9.6424e-01 2.9644e-08 5.6422e-07 1.3513e-07 4.7789e-08 9.6767e-08
9.0713e+02 3.3049e-01 8.6453e-01 2.6093e-08 4.9404e-07 1.1551e-07 4.1515e-08 8.3077e-08
9.0874e+02 3.2990e-01 8.6872e-01 2.5173e-08 4.7599e-07 1.0728e-07 3.9775e-08 7.6992e-08
9.1036e+02 3.2931e-01 9.4383e-01 2.7610e-08 5.2462e-07 1.2097e-07 4.4158e-08 8.6485e-08
9.1198e+02 3.2873e-01 9.3238e-01 2.7916e-08 5.3100e-07 1.2584e-07 4.4887e-08 9.0133e-08
9.1360e+02 3.2815e-01 8.5791e-01 2.5330e-08 4.7992e-07 1.1199e-07 4.0357e-08 8.0459e-08
9.1521e+02 3.2757e-01 8.5449e-01 2.4459e-08 4.6286e-07 1.0491e-07 3.8752e-08 7.5217e-08
9.1683e+02 3.2699e-01 9.0599e-01 2.6041e-08 4.9451e-07 1.1351e-07 4.1584e-08 8.1167e-08
9.1845e+02 3.2641e-01 9.0075e-01 2.6281e-08 4.9951e-07 1.1714e-07 4.2142e-08 8.3913e-08
9.2006e+02 3.2584e-01 8.4947e-01 2.4518e-08 4.6475e-07 1.0809e-07 3.9098e-08 7.7591e-08
9.2168e+02 3.2527e-01 8.4232e-01 2.3798e-08 4.5076e-07 1.0266e-07 3.7814e-08 7.3548e-08
9.2330e+02 3.2470e-01 8.7233e-01 2.4664e-08 4.6816e-07 1.0709e-07 3.9345e-08 7.6588e-08
9.2491e+02 3.2413e-01 8.6968e-01 2.4747e-08 4.6993e-07 1.0905e-07 3.9566e-08 7.8120e-08
9.2653e+02 3.2356e-01 8.3928e-01 2.3666e-08 4.4872e-07 1.0392e-07 3.7755e-08 7.4529e-08
9.2815e+02 3.2300e-01 8.3169e-01 2.3169e-08 4.3928e-07 1.0051e-07 3.6924e-08 7.1945e-08
9.2976e+02 3.2244e-01 8.4256e-01 2.3448e-08 4.4506e-07 1.0162e-07 3.7396e-08 7.2681e-08
9.3138e+02 3.2188e-01 8.3944e-01 2.3313e-08 4.4232e-07 1.0158e-07 3.7163e-08 7.2776e-08
9.3300e+02 3.2132e-01 8.2745e-01 2.2789e-08 4.3207e-07 9.9509e-08 3.6345e-08 7.1296e-08
9.3462e+02 3.2077e-01 8.2214e-01 2.2569e-08 4.2820e-07 9.8327e-08 3.6060e-08 7.0321e-08
9.3623e+02 3.2021e-01 8.1637e-01 2.2384e-08 4.2481e-07 9.6926e-08 3.5704e-08 6.9348e-08
9.3785e+02 3.1966e-01 8.1029e-01 2.1983e-08 4.1670e-07 9.4747e-08 3.4941e-08 6.7909e-08
9.3947e+02 3.1911e-01 8.1414e-01 2.1893e-08 4.1497e-07 9.4949e-08 3.4886e-08 6.7968e-08
9.4108e+02 3.1856e-01 8.1329e-01 2.1979e-08 4.1727e-07 9.6090e-08 3.5199e-08 6.8634e-08
9.4270e+02 3.1801e-01 7.9344e-01 2.1441e-08 4.0703e-07 9.2928e-08 3.4230e-08 6.6471e-08
9.4432e+02 3.1747e-01 7.8245e-01 2.0746e-08 3.9308e-07 8.8558e-08 3.2900e-08 6.3493e-08
9.4593e+02 3.1693e-01 7.9951e-01 2.0978e-08 3.9762e-07 9.0300e-08 3.3399e-08 6.4601e-08
9.4755e+02 3.1639e-01 8.0480e-01 2.1391e-08 4.0635e-07 9.3729e-08 3.4324e-08 6.6885e-08
9.4917e+02 3.1585e-01 7.7345e-01 2.0616e-08 3.9137e-07 8.9472e-08 3.2938e-08 6.3992e-08
9.5079e+02 3.1531e-01 7.5606e-01 1.9622e-08 3.7146e-07 8.2982e-08 3.1037e-08 5.9511e-08
9.5240e+02 3.1477e-01 7.8375e-01 2.0066e-08 3.8021e-07 8.5642e-08 3.1906e-08 6.1207e-08
9.5402e+02 3.1424e-01 7.9638e-01 2.0796e-08 3.9529e-07 9.1254e-08 3.3437e-08 6.5020e-08
9.5564e+02 3.1371e-01 7.5606e-01 1.9874e-08 3.7746e-07 8.6477e-08 3.1804e-08 6.1829e-08
9.5725e+02 3.1318e-01 7.3128e-01 1.8588e-08 3.5176e-07 7.7985e-08 2.9344e-08 5.5979e-08
9.5887e+02 3.1265e-01 7.6707e-01 1.9154e-08 3.6292e-07 8.0996e-08 3.0411e-08 5.7881e-08
9.6049e+02 3.1213e-01 7.8780e-01 2.0191e-08 3.8403e-07 8.8617e-08 3.2519e-08 6.3061e-08
9.6210e+02 3.1160e-01 7.4096e-01 1.9215e-08 3.6501e-07 8.3846e-08 3.0801e-08 5.9893e-08
9.6372e+02 3.1108e-01 7.0818e-01 1.7663e-08 3.3392e-07 7.3565e-08 2.7823e-08 5.2824e-08
9.6534e+02 3.1056e-01 7.4967e-01 1.8272e-08 3.4593e-07 7.6447e-08 2.8940e-08 5.4623e-08
9.6696e+02 3.1004e-01 7.7890e-01 1.9581e-08 3.7255e-07 8.5826e-08 3.1568e-08 6.1009e-08
9.6857e+02 3.0952e-01 7.2782e-01 1.8611e-08 3.5375e-07 8.1480e-08 2.9896e-08 5.8147e-08
9.7019e+02 3.0900e-01 6.8682e-01 1.6816e-08 3.1782e-07 6.9673e-08 2.6463e-08 5.0028e-08
9.7181e+02 3.0849e-01 7.3177e-01 1.7402e-08 3.2934e-07 7.2045e-08 2.7510e-08 5.1461e-08
9.7342e+02 3.0798e-01 7.6952e-01 1.8955e-08 3.6081e-07 8.2897e-08 3.0590e-08 5.8866e-08
9.7504e+02 3.0747e-01 7.1636e-01 1.8057e-08 3.4343e-07 7.9300e-08 2.9065e-08 5.6552e-08
9.7666e+02 3.0696e-01 6.6723e-01 1.6059e-08 3.0338e-07 6.6240e-08 2.5241e-08 4.7589e-08
9.7827e+02 3.0645e-01 7.1357e-01 1.6570e-08 3.1334e-07 6.7798e-08 2.6121e-08 4.8442e-08
9.7989e+02 3.0594e-01 7.5958e-01 1.8326e-08 3.4888e-07 7.9837e-08 2.9586e-08 5.6640e-08
9.8151e+02 3.0544e-01 7.0627e-01 1.7541e-08 3.3380e-07 7.7273e-08 2.8300e-08 5.5044e-08
9.8313e+02 3.0494e-01 6.4940e-01 1.5373e-08 2.9040e-07 6.3280e-08 2.4160e-08 4.5450e-08
9.8474e+02 3.0444e-01 6.9528e-01 1.5764e-08 2.9797e-07 6.3789e-08 2.4791e-08 4.5570e-08
9.8636e+02 3.0394e-01 7.4903e-01 1.7685e-08 3.3676e-07 7.6673e-08 2.8555e-08 5.4340e-08
9.8798e+02 3.0344e-01 6.9728e-01 1.7058e-08 3.2474e-07 7.5302e-08 2.7575e-08 5.3586e-08
9.8959e+02 3.0295e-01 6.3328e-01 1.4766e-08 2.7881e-07 6.0688e-08 2.3202e-08 4.3589e-08
9.9121e+02 3.0245e-01 6.7708e-01 1.5002e-08 2.8334e-07 6.0014e-08 2.3526e-08 4.2885e-08
9.9283e+02 3.0196e-01 7.3783e-01 1.7038e-08 3.2451e-07 7.3441e-08 2.7504e-08 5.2007e-08
9.9444e+02 3.0147e-01 6.8916e-01 1.6588e-08 3.1606e-07 7.3377e-08 2.6876e-08 5.2161e-08
9.9606e+02 3.0098e-01 6.1883e-01 1.4218e-08 2.6846e-07 5.8440e-08 2.2354e-08 4.1964e-08
9.9768e+02 3.0049e-01 6.5915e-01 1.4284e-08 2.6949e-07 5.6495e-08 2.2335e-08 4.0373e-08
9.9930e+02 3.0000e-01 7.2602e-01 1.6392e-08 3.1217e-07 7.0164e-08 2.6445e-08 4.9632e-08
1.0009e+03 2.9952e-01 6.8166e-01 1.6133e-08 3.0762e-07 7.1455e-08 2.6193e-08 5.0726e-08
1.0025e+03 2.9904e-01 6.0596e-01 1.3721e-08 2.5921e-07 5.6482e-08 2.1602e-08 4.0546e-08
1.0041e+03 2.9855e-01 6.4166e-01 1.3606e-08 2.5651e-07 5.3235e-08 2.1218e-08 3.8072e-08
1.0058e+03 2.9807e-01 7.1360e-01 1.5752e-08 2.9985e-07 6.6860e-08 2.5378e-08 4.7272e-08
1.0074e+03 2.9760e-01 6.7458e-01 1.5694e-08 2.9934e-07 6.9508e-08 2.5519e-08 4.9285e-08
1.0090e+03 2.9712e-01 5.9456e-01 1.3280e-08 2.5092e-07 5.4775e-08 2.0938e-08 3.9288e-08
1.0106e+03 2.9664e-01 6.2473e-01 1.2972e-08 2.4441e-07 5.0248e-08 2.0182e-08 3.5944e-08
1.0122e+03 2.9617e-01 7.0066e-01 1.5110e-08 2.8761e-07 6.3563e-08 2.4315e-08 4.4915e-08
1.0138e+03 2.9570e-01 6.6774e-01 1.5253e-08 2.9114e-07 6.7517e-08 2.4840e-08 4.7823e-08
1.0155e+03 2.9523e-01 5.8453e-01 1.2877e-08 2.4345e-07 5.3273e-08 2.0340e-08 3.8187e-08
1.0171e+03 2.9476e-01 6.0850e-01 1.2384e-08 2.3318e-07 4.7537e-08 1.9224e-08 3.4023e-08
1.0187e+03 2.9429e-01 6.8725e-01 1.4479e-08 2.7552e-07 6.0303e-08 2.3264e-08 4.2593e-08
1.0203e+03 2.9382e-01 6.6099e-01 1.4816e-08 2.8294e-07 6.5465e-08 2.4161e-08 4.6317e-08
1.0219e+03 2.9336e-01 5.7574e-01 1.2512e-08 2.3668e-07 5.1922e-08 1.9803e-08 3.7187e-08
1.0235e+03 2.9289e-01 5.9306e-01 1.1845e-08 2.2284e-07 4.5090e-08 1.8345e-08 3.2285e-08
1.0252e+03 2.9243e-01 6.7346e-01 1.3866e-08 2.6366e-07 5.7117e-08 2.2230e-08 4.0325e-08
1.0268e+03 2.9197e-01 6.5418e-01 1.4382e-08 2.7471e-07 6.3373e-08 2.3475e-08 4.4779e-08
1.0284e+03 2.9151e-01 5.6805e-01 1.2175e-08 2.3046e-07 5.0716e-08 1.9319e-08 3.6272e-08
1.0300e+03 2.9106e-01 5.7849e-01 1.1342e-08 2.1334e-07 4.2909e-08 1.7547e-08 3.0722e-08
1.0316e+03 2.9060e-01 6.5941e-01 1.3263e-08 2.5209e-07 5.4011e-08 2.1220e-08 3.8118e-08
1.0333e+03 2.9014e-01 6.4723e-01 1.3948e-08 2.6646e-07 6.1199e-08 2.2779e-08 4.3203e-08
1.0349e+03 2.8969e-01 5.6133e-01 1.1869e-08 2.2472e-07 4.9578e-08 1.8872e-08 3.5427e-08
1.0365e+03 2.8924e-01 5.6487e-01 1.0890e-08 2.0468e-07 4.0972e-08 1.6819e-08 2.9345e-08
1.0381e+03 2.8879e-01 6.4518e-01 1.2678e-08 2.4087e-07 5.1034e-08 2.0237e-08 3.6003e-08
1.0397e+03 2.8834e-01 6.4003e-01 1.3504e-08 2.5814e-07 5.8992e-08 2.2071e-08 4.1588e-08
1.0413e+03 2.8789e-01 5.5545e-01 1.1572e-08 2.1933e-07 4.8507e-08 1.8456e-08 3.4608e-08
1.0430e+03 2.8745e-01 5.5222e-01 1.0475e-08 1.9681e-07 3.9251e-08 1.6166e-08 2.8118e-08
1.0446e+03 2.8700e-01 6.3089e-01 1.2125e-08 2.3010e-07 4.8166e-08 1.9290e-08 3.3994e-08
1.0462e+03 2.8656e-01 6.3254e-01 1.3070e-08 2.4980e-07 5.6722e-08 2.1352e-08 3.9965e-08
1.0478e+03 2.8611e-01 5.5025e-01 1.1292e-08 2.1422e-07 4.7469e-08 1.8059e-08 3.3820e-08
1.0494e+03 2.8567e-01 5.4057e-01 1.0092e-08 1.8965e-07 3.7764e-08 1.5580e-08 2.7030e-08
1.0510e+03 2.8523e-01 6.1664e-01 1.1587e-08 2.1975e-07 4.5470e-08 1.8386e-08 3.2079e-08
1.0527e+03 2.8480e-01 6.2470e-01 1.2634e-08 2.4143e-07 5.4419e-08 2.0626e-08 3.8316e-08
1.0543e+03 2.8436e-01 5.4560e-01 1.1026e-08 2.0930e-07 4.6420e-08 1.7674e-08 3.3041e-08
1.0559e+03 2.8392e-01 5.2991e-01 9.7456e-09 1.8317e-07 3.6448e-08 1.5056e-08 2.6076e-08
1.0575e+03 2.8349e-01 6.0255e-01 1.1075e-08 2.0992e-07 4.2939e-08 1.7530e-08 3.0278e-08
1.0591e+03 2.8306e-01 6.1651e-01 1.2199e-08 2.3307e-07 5.2111e-08 1.9897e-08 3.6659e-08
1.0607e+03 2.8263e-01 5.4138e-01 1.0769e-08 2.0452e-07 4.5363e-08 1.7294e-08 3.2264e-08
1.0624e+03 2.8220e-01 5.2024e-01 9.4329e-09 1.7732e-07 3.5285e-08 1.4584e-08 2.5248e-08
1.0640e+03 2.8177e-01 5.8871e-01 1.0590e-08 2.0061e-07 4.0564e-08 1.6719e-08 2.8600e-08
1.0656e+03 2.8134e-01 6.0796e-01 1.1765e-08 2.2473e-07 4.9800e-08 1.9168e-08 3.4991e-08
1.0672e+03 2.8091e-01 5.3747e-01 1.0516e-08 1.9978e-07 4.4299e-08 1.6918e-08 3.1457e-08
1.0688e+03 2.8049e-01 5.1152e-01 9.1495e-09 1.7200e-07 3.4283e-08 1.4163e-08 2.4516e-08
1.0704e+03 2.8006e-01 5.7521e-01 1.0133e-08 1.9184e-07 3.8370e-08 1.5959e-08 2.7056e-08
1.0721e+03 2.7964e-01 5.9906e-01 1.1333e-08 2.1648e-07 4.7489e-08 1.8442e-08 3.3347e-08
1.0737e+03 2.7922e-01 5.3374e-01 1.0261e-08 1.9511e-07 4.3180e-08 1.6538e-08 3.0629e-08
1.0753e+03 2.7880e-01 5.0371e-01 8.8874e-09 1.6718e-07 3.3391e-08 1.3783e-08 2.3864e-08
1.0769e+03 2.7838e-01 5.6215e-01 9.7057e-09 1.8362e-07 3.6355e-08 1.5250e-08 2.5633e-08
1.0785e+03 2.7796e-01 5.8984e-01 1.0912e-08 2.0831e-07 4.5211e-08 1.7727e-08 3.1716e-08
1.0801e+03 2.7755e-01 5.3010e-01 1.0014e-08 1.9041e-07 4.2018e-08 1.6159e-08 2.9761e-08
1.0818e+03 2.7713e-01 4.9676e-01 8.6510e-09 1.6278e-07 3.2595e-08 1.3442e-08 2.3274e-08
1.0834e+03 2.7672e-01 5.4960e-01 9.3039e-09 1.7597e-07 3.4525e-08 1.4590e-08 2.4344e-08
1.0850e+03 2.7631e-01 5.8034e-01 1.0493e-08 2.0030e-07 4.2988e-08 1.7017e-08 3.0137e-08
1.0866e+03 2.7590e-01 5.2646e-01 9.7626e-09 1.8569e-07 4.0813e-08 1.5769e-08 2.8870e-08
1.0882e+03 2.7549e-01 4.9059e-01 8.4359e-09 1.5873e-07 3.1868e-08 1.3133e-08 2.2732e-08
1.0898e+03 2.7508e-01 5.3763e-01 8.9359e-09 1.6886e-07 3.2860e-08 1.3984e-08 2.3173e-08
1.0915e+03 2.7467e-01 5.7062e-01 1.0086e-08 1.9247e-07 4.0824e-08 1.6322e-08 2.8610e-08
1.0931e+03 2.7426e-01 5.2273e-01 9.5054e-09 1.8092e-07 3.9565e-08 1.5369e-08 2.7956e-08
1.0947e+03 2.7386e-01 4.8514e-01 8.2291e-09 1.5498e-07 3.1197e-08 1.2848e-08 2.2223e-08
1.0963e+03 2.7345e-01 5.2628e-01 8.5916e-09 1.6229e-07 3.1364e-08 1.3429e-08 2.2106e-08
1.0979e+03 2.7305e-01 5.6072e-01 9.6929e-09 1.8486e-07 3.8742e-08 1.5648e-08 2.7132e-08
1.0995e+03 2.7265e-01 5.1886e-01 9.2527e-09 1.7612e-07 3.8278e-08 1.4960e-08 2.7021e-08
1.1012e+03 2.7225e-01 4.8033e-01 8.0406e-09 1.5148e-07 3.0558e-08 1.2582e-08 2.1748e-08
1.1028e+03 2.7185e-01 5.1559e-01 8.2760e-09 1.5624e-07 3.0016e-08 1.2923e-08 2.1151e-08
1.1044e+03 2.7145e-01 5.5072e-01 9.3117e-09 1.7748e-07 3.6742e-08 1.4999e-08 2.5714e-08
1.1060e+03 2.7106e-01 5.1479e-01 8.9948e-09 1.7126e-07 3.6956e-08 1.4543e-08 2.6060e-08
1.1076e+03 2.7066e-01 4.7607e-01 7.8568e-09 1.4817e-07 2.9946e-08 1.2325e-08 2.1289e-08
1.1092e+03 2.7027e-01 5.0560e-01 7.9802e-09 1.5067e-07 2.8819e-08 1.2457e-08 2.0300e-08
1.1109e+03 2.6987e-01 5.4068e-01 8.9429e-09 1.7037e-07 3.4842e-08 1.4373e-08 2.4367e-08
1.1125e+03 2.6948e-01 5.1049e-01 8.7389e-09 1.6636e-07 3.5599e-08 1.4124e-08 2.5074e-08
1.1141e+03 2.6909e-01 4.7228e-01 7.6876e-09 1.4501e-07 2.9328e-08 1.2085e-08 2.0822e-08
1.1157e+03 2.6870e-01 4.9632e-01 7.7127e-09 1.4559e-07 2.7748e-08 1.2037e-08 1.9535e-08
1.1173e+03 2.6831e-01 5.3067e-01 8.5888e-09 1.6357e-07 3.3057e-08 1.3774e-08 2.3105e-08
1.1190e+03 2.6792e-01 5.0592e-01 8.4776e-09 1.6141e-07 3.4236e-08 1.3694e-08 2.4098e-08
1.1206e+03 2.6754e-01 4.6887e-01 7.5202e-09 1.4193e-07 2.8710e-08 1.1848e-08 2.0369e-08
1.1222e+03 2.6715e-01 4.8776e-01 7.4673e-09 1.4092e-07 2.6791e-08 1.1655e-08 1.8851e-08
1.1238e+03 2.6677e-01 5.2075e-01 8.2544e-09 1.5711e-07 3.1376e-08 1.3206e-08 2.1900e-08
1.1254e+03 2.6638e-01 5.0107e-01 8.2193e-09 1.5647e-07 3.2859e-08 1.3263e-08 2.3091e-08
1.1270e+03 2.6600e-01 4.6577e-01 7.3575e-09 1.3891e-07 2.8075e-08 1.1613e-08 1.9899e-08
1.1287e+03 2.6562e-01 4.7990e-01 7.2408e-09 1.3663e-07 2.5932e-08 1.1308e-08 1.8252e-08
1.1303e+03 2.6524e-01 5.1100e-01 7.9349e-09 1.5097e-07 2.9809e-08 1.2669e-08 2.0798e-08
1.1319e+03 2.6486e-01 4.9595e-01 7.9600e-09 1.5155e-07 3.1487e-08 1.2832e-08 2.2094e-08
1.1335e+03 2.6448e-01 4.6288e-01 7.1974e-09 1.3595e-07 2.7421e-08 1.1381e-08 1.9405e-08
1.1351e+03 2.6411e-01 4.7274e-01 7.0350e-09 1.3271e-07 2.5155e-08 1.0994e-08 1.7702e-08
1.1367e+03 2.6373e-01 5.0147e-01 7.6355e-09 1.4518e-07 2.8351e-08 1.2164e-08 1.9778e-08
1.1384e+03 2.6336e-01 4.9055e-01 7.7018e-09 1.4665e-07 3.0130e-08 1.2398e-08 2.1116e-08
1.1400e+03 2.6298e-01 4.6015e-01 7.0341e-09 1.3299e-07 2.6758e-08 1.1143e-08 1.8899e-08
1.1416e+03 2.6261e-01 4.6624e-01 6.8417e-09 1.2908e-07 2.4466e-08 1.0709e-08 1.7201e-08
1.1432e+03 2.6224e-01 4.9223e-01 7.3553e-09 1.3973e-07 2.7004e-08 1.1694e-08 1.8832e-08
1.1448e+03 2.6187e-01 4.8489e-01 7.4519e-09 1.4181e-07 2.8773e-08 1.1970e-08 2.0150e-08
1.1464e+03 2.6150e-01 4.5748e-01 6.8750e-09 1.3003e-07 2.6051e-08 1.0901e-08 1.8378e-08
1.1481e+03 2.6113e-01 4.6036e-01 6.6621e-09 1.2575e-07 2.3836e-08 1.0445e-08 1.6748e-08
1.1497e+03 2.6076e-01 4.8332e-01 7.0887e-09 1.3462e-07 2.5783e-08 1.1257e-08 1.7971e-08
1.1513e+03 2.6040e-01 4.7901e-01 7.2022e-09 1.3703e-07 2.7463e-08 1.1549e-08 1.9206e-08
1.1529e+03 2.6003e-01 4.5484e-01 6.7145e-09 1.2704e-07 2.5322e-08 1.0654e-08 1.7834e-08
1.1545e+03 2.5967e-01 4.5507e-01 6.4972e-09 1.2265e-07 2.3248e-08 1.0199e-08 1.6328e-08
1.1561e+03 2.5930e-01 4.7480e-01 6.8441e-09 1.2988e-07 2.4657e-08 1.0851e-08 1.7193e-08
1.1578e+03 2.5894e-01 4.7293e-01 6.9613e-09 1.3236e-07 2.6178e-08 1.1138e-08 1.8295e-08
1.1594e+03 2.5858e-01 4.5215e-01 6.5534e-09 1.2403e-07 2.4566e-08 1.0406e-08 1.7260e-08
1.1610e+03 2.5822e-01 4.5031e-01 6.3396e-09 1.1973e-07 2.2709e-08 9.9736e-09 1.5912e-08
1.1626e+03 2.5786e-01 4.6669e-01 6.6124e-09 1.2544e-07 2.3652e-08 1.0476e-08 1.6478e-08
1.1642e+03 2.5750e-01 4.6669e-01 6.7238e-09 1.2781e-07 2.4947e-08 1.0735e-08 1.7428e-08
1.1658e+03 2.5715e-01 4.4937e-01 6.3893e-09 1.2100e-07 2.3776e-08 1.0148e-08 1.6690e-08
1.1675e+03 2.5679e-01 4.4603e-01 6.1894e-09 1.1700e-07 2.2179e-08 9.7600e-09 1.5525e-08
1.1691e+03 2.5643e-01 4.5903e-01 6.3972e-09 1.2134e-07 2.2734e-08 1.0133e-08 1.5829e-08
1.1707e+03 2.5608e-01 4.6034e-01 6.4962e-09 1.2339e-07 2.3771e-08 1.0348e-08 1.6592e-08
1.1723e+03 2.5573e-01 4.4647e-01 6.2282e-09 1.1792e-07 2.2972e-08 9.8866e-09 1.6101e-08
1.1739e+03 2.5538e-01 4.4218e-01 6.0490e-09 1.1438e-07 2.1672e-08 9.5538e-09 1.5147e-08
1.1755e+03 2.5502e-01 4.5185e-01 6.1976e-09 1.1755e-07 2.1909e-08 9.8154e-09 1.5246e-08
1.1772e+03 2.5467e-01 4.5392e-01 6.2754e-09 1.1914e-07 2.2651e-08 9.9742e-09 1.5801e-08
1.1788e+03 2.5432e-01 4.4340e-01 6.0662e-09 1.1484e-07 2.2147e-08 9.6224e-09 1.5500e-08
1.1804e+03 2.5398e-01 4.3869e-01 5.9159e-09 1.1187e-07 2.1168e-08 9.3586e-09 1.4768e-08
1.1820e+03 2.5363e-01 4.4515e-01 6.0145e-09 1.1403e-07 2.1165e-08 9.5269e-09 1.4715e-08
1.1836e+03 2.5328e-01 4.4747e-01 6.0631e-09 1.1505e-07 2.1595e-08 9.6170e-09 1.5058e-08
1.1852e+03 2.5294e-01 4.4016e-01 5.8996e-09 1.1173e-07 2.1307e-08 9.3528e-09 1.4897e-08
1.1869e+03 2.5259e-01 4.3551e-01 5.7809e-09 1.0945e-07 2.0658e-08 9.1659e-09 1.4391e-08
1.1885e+03 2.5225e-01 4.3894e-01 5.8412e-09 1.1079e-07 2.0492e-08 9.2614e-09 1.4235e-08
1.1901e+03 2.5191e-01 4.4105e-01 5.8625e-09 1.1116e-07 2.0607e-08 9.2773e-09 1.4364e-08
1.1917e+03 2.5156e-01 4.3673e-01 5.7400e-09 1.0863e-07 2.0463e-08 9.0815e-09 1.4290e-08
1.1933e+03 2.5122e-01 4.3258e-01 5.6552e-09 1.0708e-07 2.0142e-08 8.9765e-09 1.4004e-08
1.1950e+03 2.5088e-01 4.3322e-01 5.6804e-09 1.0778e-07 1.9886e-08 9.0189e-09 1.3792e-08
1.1966e+03 2.5054e-01 4.3470e-01 5.6662e-09 1.0746e-07 1.9698e-08 8.9569e-09 1.3720e-08
1.1982e+03 2.5021e-01 4.3309e-01 5.5750e-09 1.0551e-07 1.9626e-08 8.8098e-09 1.3693e-08
1.1998e+03 2.4987e-01 4.2983e-01 5.5298e-09 1.0473e-07 1.9613e-08 8.7884e-09 1.3612e-08
1.2014e+03 2.4953e-01 4.2798e-01 5.5335e-09 1.0499e-07 1.9325e-08 8.7969e-09 1.3380e-08
1.2030e+03 2.4920e-01 4.2848e-01 5.4845e-09 1.0396e-07 1.8852e-08 8.6562e-09 1.3118e-08
1.2047e+03 2.4886e-01 4.2926e-01 5.4139e-09 1.0243e-07 1.8797e-08 8.5374e-09 1.3105e-08
1.2063e+03 2.4853e-01 4.2721e-01 5.4061e-09 1.0241e-07 1.9072e-08 8.5969e-09 1.3220e-08
1.2079e+03 2.4820e-01 4.2321e-01 5.3954e-09 1.0240e-07 1.8811e-08 8.5904e-09 1.3003e-08
1.2095e+03 2.4786e-01 4.2241e-01 5.3114e-09 1.0066e-07 1.8075e-08 8.3764e-09 1.2562e-08
1.2111e+03 2.4753e-01 4.2525e-01 5.2536e-09 9.9386e-08 1.7981e-08 8.2700e-09 1.2524e-08
1.2127e+03 2.4720e-01 4.2468e-01 5.2835e-09 1.0011e-07 1.8515e-08 8.4052e-09 1.2818e-08
1.2144e+03 2.4687e-01 4.1887e-01 5.2687e-09 9.9965e-08 1.8332e-08 8.3978e-09 1.2656e-08
1.2160e+03 2.4655e-01 4.1655e-01 5.1528e-09 9.7560e-08 1.7371e-08 8.1146e-09 1.2058e-08
1.2176e+03 2.4622e-01 4.2107e-01 5.0981e-09 9.6390e-08 1.7190e-08 8.0056e-09 1.1960e-08
1.2192e+03 2.4589e-01 4.2218e-01 5.1586e-09 9.7807e-08 1.7941e-08 8.2110e-09 1.2403e-08
1.2208e+03 2.4557e-01 4.1495e-01 5.1432e-09 9.7685e-08 1.7871e-08 8.2182e-09 1.2321e-08
1.2224e+03 2.4524e-01 4.1093e-01 4.9992e-09 9.4661e-08 1.6721e-08 7.8739e-09 1.1593e-08
1.2241e+03 2.4492e-01 4.1673e-01 4.9461e-09 9.3451e-08 1.6422e-08 7.7483e-09 1.1410e-08
1.2257e+03 2.4459e-01 4.1967e-01 5.0381e-09 9.5499e-08 1.7357e-08 8.0140e-09 1.1978e-08
1.2273e+03 2.4427e-01 4.1140e-01 5.0279e-09 9.5529e-08 1.7435e-08 8.0470e-09 1.2001e-08
1.2289e+03 2.4395e-01 4.0557e-01 4.8561e-09 9.1961e-08 1.6137e-08 7.6507e-09 1.1174e-08
1.2305e+03 2.4363e-01 4.1228e-01 4.7964e-09 9.0591e-08 1.5688e-08 7.4984e-09 1.0887e-08
1.2321e+03 2.4331e-01 4.1712e-01 4.9167e-09 9.3184e-08 1.6758e-08 7.8149e-09 1.1547e-08
1.2338e+03 2.4299e-01 4.0820e-01 4.9190e-09 9.3473e-08 1.7003e-08 7.8825e-09 1.1688e-08
1.2354e+03 2.4267e-01 4.0051e-01 4.7239e-09 8.9456e-08 1.5598e-08 7.4437e-09 1.0794e-08
1.2370e+03 2.4236e-01 4.0773e-01 4.6513e-09 8.7832e-08 1.4985e-08 7.2561e-09 1.0393e-08
1.2386e+03 2.4204e-01 4.1449e-01 4.7940e-09 9.0868e-08 1.6154e-08 7.6141e-09 1.1115e-08
1.2402e+03 2.4172e-01 4.0530e-01 4.8134e-09 9.1487e-08 1.6588e-08 7.7254e-09 1.1381e-08
1.2418e+03 2.4141e-01 3.9575e-01 4.6019e-09 8.7115e-08 1.5119e-08 7.2554e-09 1.0444e-08
1.2435e+03 2.4110e-01 4.0313e-01 4.5138e-09 8.5170e-08 1.4322e-08 7.0251e-09 9.9175e-09
1.2451e+03 2.4078e-01 4.1177e-01 4.6724e-09 8.8558e-08 1.5540e-08 7.4115e-09 1.0672e-08
1.2467e+03 2.4047e-01 4.0266e-01 4.7091e-09 8.9568e-08 1.6165e-08 7.5703e-09 1.1073e-08
1.2483e+03 2.4016e-01 3.9132e-01 4.4849e-09 8.4937e-08 1.4680e-08 7.0804e-09 1.0130e-08
1.2499e+03 2.3985e-01 3.9849e-01 4.3809e-09 8.2621e-08 1.3702e-08 6.8045e-09 9.4796e-09
1.2515e+03 2.3954e-01 4.0893e-01 4.5535e-09 8.6260e-08 1.4928e-08 7.2098e-09 1.0231e-08
1.2532e+03 2.3923e-01 4.0024e-01 4.6103e-09 8.7700e-08 1.5744e-08 7.4202e-09 1.0760e-08
1.2548e+03 2.3892e-01 3.8723e-01 4.3761e-09 8.2903e-08 1.4280e-08 6.9206e-09 9.8386e-09
1.2564e+03 2.3861e-01 3.9387e-01 4.2525e-09 8.0177e-08 1.3124e-08 6.5946e-09 9.0704e-09
1.2580e+03 2.3831e-01 4.0596e-01 4.4344e-09 8.3968e-08 1.4321e-08 7.0061e-09 9.7951e-09
1.2596e+03 2.3800e-01 3.9800e-01 4.5136e-09 8.5865e-08 1.5324e-08 7.2700e-09 1.0444e-08
1.2612e+03 2.3770e-01 3.8347e-01 4.2739e-09 8.1006e-08 1.3916e-08 6.7743e-09 9.5690e-09
1.2629e+03 2.3739e-01 3.8930e-01 4.1283e-09 7.7863e-08 1.2583e-08 6.3993e-09 8.6925e-09
1.2645e+03 2.3709e-01 4.0286e-01 4.3153e-09 8.1715e-08 1.3705e-08 6.8045e-09 9.3657e-09
1.2661e+03 2.3678e-01 3.9589e-01 4.4207e-09 8.4072e-08 1.4882e-08 7.1182e-09 1.0123e-08
1.2677e+03 2.3648e-01 3.8004e-01 4.1827e-09 7.9230e-08 1.3580e-08 6.6352e-09 9.3183e-09
1.2693e+03 2.3618e-01 3.8480e-01 4.0132e-09 7.5655e-08 1.2097e-08 6.2140e-09 8.3492e-09
1.2709e+03 2.3588e-01 3.9962e-01 4.1960e-09 7.9478e-08 1.3108e-08 6.6048e-09 8.9515e-09
1.2726e+03 2.3558e-01 3.9387e-01 4.3247e-09 8.2303e-08 1.4428e-08 6.9669e-09 9.7997e-09
1.2742e+03 2.3528e-01 3.7692e-01 4.0952e-09 7.7577e-08 1.3258e-08 6.5068e-09 9.0766e-09
1.2758e+03 2.3498e-01 3.8042e-01 3.9064e-09 7.3578e-08 1.1654e-08 6.0424e-09 8.0266e-09
1.2774e+03 2.3469e-01 3.9626e-01 4.0810e-09 7.7271e-08 1.2533e-08 6.4090e-09 8.5428e-09
1.2790e+03 2.3439e-01 3.9191e-01 4.2290e-09 8.0536e-08 1.3971e-08 6.8151e-09 9.4699e-09
1.2807e+03 2.3409e-01 3.7412e-01 4.0106e-09 7.6015e-08 1.2949e-08 6.3865e-09 8.8472e-09
1.2823e+03 2.3380e-01 3.7618e-01 3.8058e-09 7.1627e-08 1.1247e-08 5.8843e-09 7.7341e-09
1.2839e+03 2.3350e-01 3.9278e-01 3.9708e-09 7.5110e-08 1.1975e-08 6.2181e-09 8.1507e-09
1.2855e+03 2.3321e-01 3.8997e-01 4.1358e-09 7.8777e-08 1.3507e-08 6.6608e-09 9.1392e-09
1.2871e+03 2.3292e-01 3.7160e-01 3.9287e-09 7.4535e-08 1.2653e-08 6.2701e-09 8.6286e-09
1.2887e+03 2.3263e-01 3.7211e-01 3.7083e-09 6.9801e-08 1.0880e-08 5.7371e-09 7.4679e-09
1.2904e+03 2.3233e-01 3.8919e-01 3.8625e-09 7.3003e-08 1.1438e-08 6.0336e-09 7.7691e-09
1.2920e+03 2.3204e-01 3.8803e-01 4.0451e-09 7.7023e-08 1.3031e-08 6.5069e-09 8.7967e-09
1.2936e+03 2.3175e-01 3.6935e-01 3.8527e-09 7.3124e-08 1.2359e-08 6.1585e-09 8.4105e-09
1.2952e+03 2.3146e-01 3.6824e-01 3.6169e-09 6.8098e-08 1.0549e-08 5.6003e-09 7.2307e-09
1.2968e+03 2.3118e-01 3.8553e-01 3.7555e-09 7.0960e-08 1.0932e-08 5.8543e-09 7.4147e-09
1.2984e+03 2.3089e-01 3.8604e-01 3.9532e-09 7.5274e-08 1.2553e-08 6.3520e-09 8.4573e-09
1.3001e+03 2.3060e-01 3.6734e-01 3.7796e-09 7.1769e-08 1.2062e-08 6.0514e-09 8.1929e-09
1.3017e+03 2.3031e-01 3.6459e-01 3.5322e-09 6.6511e-08 1.0242e-08 5.4758e-09 7.0119e-09
1.3033e+03 2.3003e-01 3.8181e-01 3.6532e-09 6.8990e-08 1.0450e-08 5.6832e-09 7.0788e-09
1.3049e+03 2.2974e-01 3.8400e-01 3.8634e-09 7.3530e-08 1.2076e-08 6.1960e-09 8.1180e-09
1.3065e+03 2.2946e-01 3.6554e-01 3.7101e-09 7.0452e-08 1.1773e-08 5.9440e-09 7.9749e-09
1.3081e+03 2.2917e-01 3.6116e-01 3.4528e-09 6.5029e-08 9.9710e-09 5.3588e-09 6.8115e-09
1.3098e+03 2.2889e-01 3.7805e-01 3.5528e-09 6.7098e-08 9.9975e-09 5.5201e-09 6.7634e-09
1.3114e+03 2.2861e-01 3.8188e-01 3.7714e-09 7.1803e-08 1.1593e-08 6.0429e-09 7.7800e-09
1.3130e+03 2.2833e-01 3.6393e-01 3.6413e-09 6.9176e-08 1.1471e-08 5.8410e-09 7.7532e-09
1.3146e+03 2.2805e-01 3.5798e-01 3.3805e-09 6.3646e-08 9.7222e-09 5.2516e-09 6.6242e-09
1.3162e+03 2.2777e-01 3.7428e-01 3.4599e-09 6.5279e-08 9.5812e-09 5.3637e-09 6.4664e-09
1.3178e+03 2.2749e-01 3.7966e-01 3.6822e-09 7.0080e-08 1.1120e-08 5.8887e-09 7.4455e-09
1.3195e+03 2.2721e-01 3.6246e-01 3.5733e-09 6.7918e-08 1.1168e-08 5.7384e-09 7.5316e-09
1.3211e+03 2.2693e-01 3.5506e-01 3.3106e-09 6.2353e-08 9.4948e-09 5.1531e-09 6.4550e-09
1.3227e+03 2.2665e-01 3.7052e-01 3.3703e-09 6.3549e-08 9.1963e-09 5.2159e-09 6.1934e-09
1.3243e+03 2.2638e-01 3.7735e-01 3.5949e-09 6.8382e-08 1.0652e-08 5.7343e-09 7.1162e-09
1.3259e+03 2.2610e-01 3.6112e-01 3.5070e-09 6.6684e-08 1.0854e-08 5.6340e-09 7.3056e-09
1.3275e+03 2.2583e-01 3.5238e-01 3.2439e-09 6.1143e-08 9.2797e-09 5.0610e-09 6.2987e-09
1.3292e+03 2.2555e-01 3.6682e-01 3.2834e-09 6.1902e-08 8.8416e-09 5.0776e-09 5.9453e-09
1.3308e+03 2.2528e-01 3.7493e-01 3.5095e-09 6.6707e-08 1.0194e-08 5.5829e-09 6.7952e-09
1.3324e+03 2.2500e-01 3.5986e-01 3.4453e-09 6.5469e-08 1.0531e-08 5.5300e-09 7.0715e-09
1.3340e+03 2.2473e-01 3.4996e-01 3.1848e-09 6.0015e-08 9.0766e-09 4.9760e-09 6.1450e-09
1.3356e+03 2.2446e-01 3.6318e-01 3.2009e-09 6.0347e-08 8.5201e-09 4.9493e-09 5.7155e-09
1.3372e+03 2.2419e-01 3.7240e-01 3.4211e-09 6.5054e-08 9.7507e-09 5.4344e-09 6.4866e-09
1.3389e+03 2.2392e-01 3.5867e-01 3.3788e-09 6.4256e-08 1.0201e-08 5.4239e-09 6.8392e-09
1.3405e+03 2.2365e-01 3.4779e-01 3.1269e-09 5.8955e-08 8.8808e-09 4.8943e-09 6.0003e-09
1.3421e+03 2.2338e-01 3.5964e-01 3.1247e-09 5.8886e-08 8.2322e-09 4.8299e-09 5.5023e-09
1.3437e+03 2.2311e-01 3.6978e-01 3.3379e-09 6.3435e-08 9.3322e-09 5.2911e-09 6.1815e-09
1.3453e+03 2.2284e-01 3.5750e-01 3.3145e-09 6.3038e-08 9.8682e-09 5.3188e-09 6.5979e-09
1.3469e+03 2.2257e-01 3.4585e-01 3.0713e-09 5.7940e-08 8.6835e-09 4.8172e-09 5.8612e-09
1.3486e+03 2.2231e-01 3.5623e-01 3.0516e-09 5.7517e-08 7.9594e-09 4.7182e-09 5.3147e-09
1.3502e+03 2.2204e-01 3.6706e-01 3.2566e-09 6.1873e-08 8.9238e-09 5.1508e-09 5.8935e-09
1.3518e+03 2.2177e-01 3.5634e-01 3.2524e-09 6.1837e-08 9.5316e-09 5.2124e-09 6.3529e-09
1.3534e+03 2.2151e-01 3.4413e-01 3.0204e-09 5.6971e-08 8.4945e-09 4.7435e-09 5.7215e-09
1.3550e+03 2.2124e-01 3.5296e-01 2.9836e-09 5.6223e-08 7.7187e-09 4.6160e-09 5.1446e-09
1.3566e+03 2.2098e-01 3.6427e-01 3.1770e-09 6.0348e-08 8.5414e-09 5.0170e-09 5.6211e-09
1.3583e+03 2.2072e-01 3.5516e-01 3.1900e-09 6.0641e-08 9.1960e-09 5.1062e-09 6.1054e-09
1.3599e+03 2.2045e-01 3.4263e-01 2.9721e-09 5.6048e-08 8.3062e-09 4.6714e-09 5.5803e-09
1.3615e+03 2.2019e-01 3.4985e-01 2.9203e-09 5.5016e-08 7.4975e-09 4.5198e-09 4.9922e-09
1.3631e+03 2.1993e-01 3.6141e-01 3.0990e-09 5.8878e-08 8.1746e-09 4.8866e-09 5.3680e-09
1.3647e+03 2.1967e-01 3.5394e-01 3.1257e-09 5.9455e-08 8.8540e-09 4.9991e-09 5.8583e-09
1.3664e+03 2.1941e-01 3.4130e-01 2.9245e-09 5.5158e-08 8.1143e-09 4.6021e-09 5.4335e-09
1.3680e+03 2.1915e-01 3.4692e-01 2.8626e-09 5.3883e-08 7.2977e-09 4.4329e-09 4.8495e-09
1.3696e+03 2.1889e-01 3.5850e-01 3.0256e-09 5.7456e-08 7.8312e-09 4.7631e-09 5.1324e-09
1.3712e+03 2.1863e-01 3.5266e-01 3.0611e-09 5.8272e-08 8.5119e-09 4.8909e-09 5.6175e-09
1.3728e+03 2.1838e-01 3.4015e-01 2.8750e-09 5.4297e-08 7.9195e-09 4.5313e-09 5.2882e-09
1.3744e+03 2.1812e-01 3.4419e-01 2.8061e-09 5.2832e-08 7.1211e-09 4.3508e-09 4.7199e-09
1.3761e+03 2.1786e-01 3.5557e-01 2.9566e-09 5.6096e-08 7.5189e-09 4.6455e-09 4.9140e-09
1.3777e+03 2.1761e-01 3.5131e-01 3.0015e-09 5.7098e-08 8.1750e-09 4.7840e-09 5.3806e-09
1.3793e+03 2.1735e-01 3.3914e-01 2.8308e-09 5.3453e-08 7.7142e-09 4.4618e-09 5.1393e-09
1.3809e+03 2.1710e-01 3.4166e-01 2.7548e-09 5.1844e-08 6.9515e-09 4.2755e-09 4.5964e-09
1.3825e+03 2.1684e-01 3.5263e-01 2.8897e-09 5.4796e-08 7.2286e-09 4.5354e-09 4.7063e-09
1.3841e+03 2.1659e-01 3.4988e-01 2.9399e-09 5.5936e-08 7.8481e-09 4.6791e-09 5.1437e-09
1.3858e+03 2.1634e-01 3.3824e-01 2.7843e-09 5.2625e-08 7.5087e-09 4.3927e-09 4.9874e-09
1.3874e+03 2.1609e-01 3.3935e-01 2.7044e-09 5.0922e-08 6.7938e-09 4.2051e-09 4.4856e-09
1.3890e+03 2.1584e-01 3.4971e-01 2.8259e-09 5.3562e-08 6.9566e-09 4.4314e-09 4.5199e-09
1.3906e+03 2.1558e-01 3.4835e-01 2.8814e-09 5.4795e-08 7.5227e-09 4.5753e-09 4.9134e-09
1.3922e+03 2.1533e-01 3.3744e-01 2.7415e-09 5.1816e-08 7.2961e-09 4.3231e-09 4.8295e-09
1.3938e+03 2.1508e-01 3.3724e-01 2.6587e-09 5.0065e-08 6.6499e-09 4.1393e-09 4.3804e-09
1.3955e+03 2.1483e-01 3.4683e-01 2.7649e-09 5.2391e-08 6.7153e-09 4.3341e-09 4.3537e-09
1.3971e+03 2.1459e-01 3.4674e-01 2.8221e-09 5.3659e-08 7.2123e-09 4.4735e-09 4.6948e-09
1.3987e+03 2.1434e-01 3.3671e-01 2.6976e-09 5.0999e-08 7.0800e-09 4.2528e-09 4.6676e-09
1.4003e+03 2.1409e-01 3.3535e-01 2.6152e-09 4.9252e-08 6.5133e-09 4.0773e-09 4.2746e-09
1.4019e+03 2.1384e-01 3.4401e-01 2.7080e-09 5.1294e-08 6.4969e-09 4.2439e-09 4.1988e-09
1.4035e+03 2.1360e-01 3.4503e-01 2.7653e-09 5.2562e-08 6.9120e-09 4.3752e-09 4.4842e-09
1.4052e+03 2.1335e-01 3.3602e-01 2.6549e-09 5.0189e-08 6.8552e-09 4.1832e-09 4.5024e-09
1.4068e+03 2.1311e-01 3.3366e-01 2.5747e-09 4.8472e-08 6.3791e-09 4.0191e-09 4.1692e-09
1.4084e+03 2.1286e-01 3.4127e-01 2.6549e-09 5.0251e-08 6.3032e-09 4.1601e-09 4.0570e-09
1.4100e+03 2.1262e-01 3.4324e-01 2.7096e-09 5.1493e-08 6.6296e-09 4.2791e-09 4.2862e-09
1.4116e+03 2.1237e-01 3.3535e-01 2.6108e-09 4.9399e-08 6.6237e-09 4.1118e-09 4.3412e-09
1.4132e+03 2.1213e-01 3.3217e-01 2.5338e-09 4.7748e-08 6.2373e-09 3.9632e-09 4.0700e-09
1.4149e+03 2.1189e-01 3.3864e-01 2.6039e-09 4.9277e-08 6.1210e-09 4.0834e-09 3.9297e-09
1.4165e+03 2.1165e-01 3.4136e-01 2.6567e-09 5.0452e-08 6.3626e-09 4.1874e-09 4.0977e-09
1.4181e+03 2.1141e-01 3.3469e-01 2.5692e-09 4.8607e-08 6.3960e-09 4.0398e-09 4.1767e-09
1.4197e+03 2.1116e-01 3.3087e-01 2.4958e-09 4.7054e-08 6.1015e-09 3.9078e-09 3.9696e-09
1.4213e+03 2.1092e-01 3.3613e-01 2.5559e-09 4.8368e-08 5.9586e-09 4.0117e-09 3.8135e-09
1.4229e+03 2.1068e-01 3.3941e-01 2.6053e-09 4.9449e-08 6.1108e-09 4.1002e-09 3.9192e-09
1.4246e+03 2.1045e-01 3.3400e-01 2.5281e-09 4.7818e-08 6.1651e-09 3.9687e-09 4.0096e-09
1.4262e+03 2.1021e-01 3.2974e-01 2.4592e-09 4.6384e-08 5.9633e-09 3.8545e-09 3.8669e-09
1.4278e+03 2.0997e-01 3.3376e-01 2.5104e-09 4.7518e-08 5.8126e-09 3.9456e-09 3.7100e-09
1.4294e+03 2.0973e-01 3.3741e-01 2.5556e-09 4.8490e-08 5.8773e-09 4.0168e-09 3.7579e-09
1.4310e+03 2.0949e-01 3.3328e-01 2.4882e-09 4.7040e-08 5.9338e-09 3.8966e-09 3.8475e-09
1.4326e+03 2.0926e-01 3.2878e-01 2.4252e-09 4.5738e-08 5.8206e-09 3.8004e-09 3.7634e-09
1.4343e+03 2.0902e-01 3.3154e-01 2.4679e-09 4.6722e-08 5.6806e-09 3.8835e-09 3.6147e-09
1.4359e+03 2.0879e-01 3.3536e-01 2.5072e-09 4.7574e-08 5.6645e-09 3.9386e-09 3.6082e-09
1.4375e+03 2.0855e-01 3.3250e-01 2.4479e-09 4.6273e-08 5.7072e-09 3.8270e-09 3.6863e-09
1.4391e+03 2.0832e-01 3.2795e-01 2.3923e-09 4.5108e-08 5.6755e-09 3.7490e-09 3.6554e-09
1.4407e+03 2.0808e-01 3.2948e-01 2.4286e-09 4.5971e-08 5.5609e-09 3.8271e-09 3.5251e-09
1.4423e+03 2.0785e-01 3.3329e-01 2.4608e-09 4.6696e-08 5.4707e-09 3.8654e-09 3.4716e-09
1.4440e+03 2.0762e-01 3.3166e-01 2.4075e-09 4.5521e-08 5.4819e-09 3.7574e-09 3.5298e-09
1.4456e+03 2.0739e-01 3.2724e-01 2.3597e-09 4.4503e-08 5.5210e-09 3.6965e-09 3.5443e-09
1.4472e+03 2.0715e-01 3.2759e-01 2.3919e-09 4.5269e-08 5.4497e-09 3.7739e-09 3.4392e-09
1.4488e+03 2.0692e-01 3.3121e-01 2.4165e-09 4.5856e-08 5.3034e-09 3.7974e-09 3.3465e-09
1.4504e+03 2.0669e-01 3.3075e-01 2.3666e-09 4.4774e-08 5.2731e-09 3.6901e-09 3.3798e-09
1.4521e+03 2.0646e-01 3.2663e-01 2.3272e-09 4.3910e-08 5.3639e-09 3.6446e-09 3.4334e-09
1.4537e+03 2.0623e-01 3.2588e-01 2.3590e-09 4.4618e-08 5.3367e-09 3.7238e-09 3.3594e-09
1.4553e+03 2.0600e-01 3.2914e-01 2.3783e-09 4.5071e-08 5.1434e-09 3.7340e-09 3.2342e-09
1.4569e+03 2.0577e-01 3.2976e-01 2.3296e-09 4.4048e-08 5.0669e-09 3.6246e-09 3.2363e-09
1.4585e+03 2.0555e-01 3.2611e-01 2.2950e-09 4.3332e-08 5.2025e-09 3.5924e-09 3.3207e-09
1.4601e+03 2.0532e-01 3.2436e-01 2.3254e-09 4.4009e-08 5.2295e-09 3.6758e-09 3.2831e-09
1.4618e+03 2.0509e-01 3.2711e-01 2.3405e-09 4.4328e-08 5.0025e-09 3.6744e-09 3.1348e-09
1.4634e+03 2.0486e-01 3.2869e-01 2.2941e-09 4.3332e-08 4.8738e-09 3.5606e-09 3.1011e-09
1.4650e+03 2.0464e-01 3.2564e-01 2.2648e-09 4.2755e-08 5.0413e-09 3.5400e-09 3.2045e-09
1.4666e+03 2.0441e-01 3.2301e-01 2.2936e-09 4.3434e-08 5.1272e-09 3.6302e-09 3.2028e-09
1.4682e+03 2.0419e-01 3.2512e-01 2.3033e-09 4.3637e-08 4.8785e-09 3.6200e-09 3.0402e-09
1.4698e+03 2.0396e-01 3.2754e-01 2.2582e-09 4.2643e-08 4.6916e-09 3.5007e-09 2.9737e-09
1.4715e+03 2.0374e-01 3.2521e-01 2.2351e-09 4.2189e-08 4.8762e-09 3.4900e-09 3.0927e-09
1.4731e+03 2.0352e-01 3.2183e-01 2.2644e-09 4.2889e-08 5.0247e-09 3.5881e-09 3.1282e-09
1.4747e+03 2.0329e-01 3.2320e-01 2.2691e-09 4.2989e-08 4.7705e-09 3.5694e-09 2.9553e-09
1.4763e+03 2.0307e-01 3.2632e-01 2.2235e-09 4.1975e-08 4.5255e-09 3.4410e-09 2.8521e-09
1.4779e+03 2.0285e-01 3.2479e-01 2.2052e-09 4.1627e-08 4.7116e-09 3.4376e-09 2.9806e-09
1.4795e+03 2.0263e-01 3.2083e-01 2.2355e-09 4.2368e-08 4.9188e-09 3.5472e-09 3.0571e-09
1.4812e+03 2.0240e-01 3.2137e-01 2.2360e-09 4.2386e-08 4.6708e-09 3.5252e-09 2.8814e-09
1.4828e+03 2.0218e-01 3.2502e-01 2.1898e-09 4.1342e-08 4.3700e-09 3.3868e-09 2.7374e-09
1.4844e+03 2.0196e-01 3.2438e-01 2.1767e-09 4.1084e-08 4.5461e-09 3.3860e-09 2.8640e-09
1.4860e+03 2.0174e-01 3.1999e-01 2.2095e-09 4.1877e-08 4.8105e-09 3.5057e-09 2.9825e-09
1.4876e+03 2.0152e-01 3.1964e-01 2.2065e-09 4.1822e-08 4.5833e-09 3.4835e-09 2.8162e-09
1.4892e+03 2.0131e-01 3.2366e-01 2.1585e-09 4.0726e-08 4.2334e-09 3.3366e-09 2.6347e-09
1.4909e+03 2.0109e-01 3.2395e-01 2.1495e-09 4.0542e-08 4.3886e-09 3.3361e-09 2.7505e-09
1.4925e+03 2.0087e-01 3.1929e-01 2.1852e-09 4.1403e-08 4.7034e-09 3.4647e-09 2.9080e-09
1.4941e+03 2.0065e-01 3.1803e-01 2.1789e-09 4.1300e-08 4.5044e-09 3.4430e-09 2.7598e-09
1.4957e+03 2.0044e-01 3.2226e-01 2.1275e-09 4.0145e-08 4.1082e-09 3.2877e-09 2.5429e-09
1.4973e+03 2.0022e-01 3.2348e-01 2.1210e-09 4.0012e-08 4.2302e-09 3.2872e-09 2.6368e-09
1.4989e+03 2.0000e-01 3.1873e-01 2.1607e-09 4.0951e-08 4.5877e-09 3.4265e-09 2.8268e-09
1.5006e+03 1.9979e-01 3.1655e-01 2.1540e-09 4.0823e-08 4.4276e-09 3.4082e-09 2.7055e-09
1.5022e+03 1.9957e-01 3.2081e-01 2.1002e-09 3.9603e-08 3.9958e-09 3.2437e-09 2.4628e-09
1.5038e+03 1.9936e-01 3.2297e-01 2.0945e-09 3.9496e-08 4.0801e-09 3.2390e-09 2.5303e-09
1.5054e+03 1.9914e-01 3.1828e-01 2.1362e-09 4.0508e-08 4.4745e-09 3.3871e-09 2.7453e-09
1.5070e+03 1.9893e-01 3.1520e-01 2.1280e-09 4.0372e-08 4.3600e-09 3.3748e-09 2.6541e-09
1.5086e+03 1.9872e-01 3.1935e-01 2.0724e-09 3.9092e-08 3.8979e-09 3.2037e-09 2.3907e-09
1.5103e+03 1.9850e-01 3.2241e-01 2.0693e-09 3.9000e-08 3.9329e-09 3.1938e-09 2.4275e-09
1.5119e+03 1.9829e-01 3.1794e-01 2.1151e-09 4.0087e-08 4.3520e-09 3.3493e-09 2.6616e-09
1.5135e+03 1.9808e-01 3.1401e-01 2.1058e-09 3.9957e-08 4.2910e-09 3.3431e-09 2.6050e-09
1.5151e+03 1.9787e-01 3.1788e-01 2.0457e-09 3.8611e-08 3.8145e-09 3.1652e-09 2.3284e-09
1.5167e+03 1.9766e-01 3.2178e-01 2.0429e-09 3.8512e-08 3.8011e-09 3.1490e-09 2.3317e-09
1.5183e+03 1.9745e-01 3.1768e-01 2.0938e-09 3.9672e-08 4.2357e-09 3.3123e-09 2.5776e-09
1.5200e+03 1.9724e-01 3.1297e-01 2.0866e-09 3.9568e-08 4.2276e-09 3.3151e-09 2.5579e-09
1.5216e+03 1.9703e-01 3.1642e-01 2.0232e-09 3.8167e-08 3.7409e-09 3.1311e-09 2.2751e-09
1.5232e+03 1.9682e-01 3.2108e-01 2.0181e-09 3.8049e-08 3.6729e-09 3.1056e-09 2.2426e-09
1.5248e+03 1.9661e-01 3.1749e-01 2.0713e-09 3.9273e-08 4.1128e-09 3.2744e-09 2.4924e-09
1.5264e+03 1.9640e-01 3.1209e-01 2.0667e-09 3.9203e-08 4.1629e-09 3.2880e-09 2.5099e-09
1.5280e+03 1.9619e-01 3.1499e-01 2.0026e-09 3.7751e-08 3.6809e-09 3.1010e-09 2.2282e-09
1.5297e+03 1.9599e-01 3.2031e-01 1.9968e-09 3.7605e-08 3.5595e-09 3.0657e-09 2.1603e-09
1.5313e+03 1.9578e-01 3.1734e-01 2.0516e-09 3.8890e-08 3.9921e-09 3.2376e-09 2.4078e-09
1.5329e+03 1.9557e-01 3.1136e-01 2.0476e-09 3.8865e-08 4.0956e-09 3.2621e-09 2.4629e-09
1.5345e+03 1.9537e-01 3.1360e-01 1.9816e-09 3.7367e-08 3.6261e-09 3.0730e-09 2.1899e-09
1.5361e+03 1.9516e-01 3.1947e-01 1.9752e-09 3.7180e-08 3.4536e-09 3.0269e-09 2.0871e-09
1.5378e+03 1.9496e-01 3.1723e-01 2.0327e-09 3.8518e-08 3.8716e-09 3.2009e-09 2.3235e-09
1.5394e+03 1.9475e-01 3.1078e-01 2.0300e-09 3.8550e-08 4.0279e-09 3.2382e-09 2.4124e-09
1.5410e+03 1.9455e-01 3.1228e-01 1.9618e-09 3.7014e-08 3.5805e-09 3.0504e-09 2.1536e-09
1.5426e+03 1.9434e-01 3.1856e-01 1.9548e-09 3.6779e-08 3.3599e-09 2.9930e-09 2.0198e-09
1.5442e+03 1.9414e-01 3.1712e-01 2.0158e-09 3.8162e-08 3.7549e-09 3.1652e-09 2.2420e-09
1.5458e+03 1.9394e-01 3.1035e-01 2.0146e-09 3.8257e-08 3.9615e-09 3.2134e-09 2.3650e-09
1.5475e+03 1.9373e-01 3.1104e-01 1.9422e-09 3.6689e-08 3.5452e-09 3.0280e-09 2.1275e-09
1.5491e+03 1.9353e-01 3.1759e-01 1.9319e-09 3.6396e-08 3.2782e-09 2.9602e-09 1.9637e-09
1.5507e+03 1.9333e-01 3.1701e-01 1.9972e-09 3.7818e-08 3.6372e-09 3.1297e-09 2.1619e-09
1.5523e+03 1.9313e-01 3.1006e-01 2.0023e-09 3.7988e-08 3.8862e-09 3.1893e-09 2.3119e-09
1.5539e+03 1.9293e-01 3.0990e-01 1.9293e-09 3.6398e-08 3.5119e-09 3.0091e-09 2.1011e-09
1.5555e+03 1.9273e-01 3.1657e-01 1.9142e-09 3.6035e-08 3.2122e-09 2.9321e-09 1.9146e-09
1.5572e+03 1.9253e-01 3.1688e-01 1.9788e-09 3.7478e-08 3.5329e-09 3.0975e-09 2.0865e-09
1.5588e+03 1.9233e-01 3.0990e-01 1.9868e-09 3.7726e-08 3.8151e-09 3.1667e-09 2.2586e-09
1.5604e+03 1.9213e-01 3.0886e-01 1.9138e-09 3.6134e-08 3.4816e-09 2.9917e-09 2.0779e-09
1.5620e+03 1.9193e-01 3.1551e-01 1.8970e-09 3.5709e-08 3.1500e-09 2.9054e-09 1.8737e-09
1.5636e+03 1.9173e-01 3.1671e-01 1.9635e-09 3.7165e-08 3.4275e-09 3.0649e-09 2.0161e-09
1.5652e+03 1.9153e-01 3.0985e-01 1.9754e-09 3.7484e-08 3.7423e-09 3.1435e-09 2.2053e-09
1.5669e+03 1.9133e-01 3.0794e-01 1.9018e-09 3.5889e-08 3.4609e-09 2.9762e-09 2.0567e-09
1.5685e+03 1.9114e-01 3.1442e-01 1.8807e-09 3.5401e-08 3.1043e-09 2.8830e-09 1.8391e-09
1.5701e+03 1.9094e-01 3.1650e-01 1.9464e-09 3.6868e-08 3.3260e-09 3.0361e-09 1.9487e-09
1.5717e+03 1.9074e-01 3.0991e-01 1.9616e-09 3.7268e-08 3.6577e-09 3.1222e-09 2.1492e-09
1.5733e+03 1.9055e-01 3.0716e-01 1.8891e-09 3.5679e-08 3.4340e-09 2.9623e-09 2.0359e-09
1.5749e+03 1.9035e-01 3.1331e-01 1.8664e-09 3.5119e-08 3.0711e-09 2.8624e-09 1.8126e-09
1.5766e+03 1.9016e-01 3.1623e-01 1.9334e-09 3.6579e-08 3.2419e-09 3.0079e-09 1.8894e-09
1.5782e+03 1.8996e-01 3.1006e-01 1.9518e-09 3.7054e-08 3.5805e-09 3.1002e-09 2.0952e-09
1.5798e+03 1.8977e-01 3.0651e-01 1.8784e-09 3.5482e-08 3.4099e-09 2.9490e-09 2.0170e-09
1.5814e+03 1.8957e-01 3.1221e-01 1.8516e-09 3.4858e-08 3.0453e-09 2.8452e-09 1.7925e-09
1.5830e+03 1.8938e-01 3.1591e-01 1.9186e-09 3.6309e-08 3.1637e-09 2.9837e-09 1.8349e-09
1.5846e+03 1.8919e-01 3.1027e-01 1.9416e-09 3.6860e-08 3.5004e-09 3.0810e-09 2.0396e-09
1.5863e+03 1.8899e-01 3.0600e-01 1.8699e-09 3.5313e-08 3.3838e-09 2.9372e-09 1.9969e-09
1.5879e+03 1.8880e-01 3.1112e-01 1.8403e-09 3.4626e-08 3.0285e-09 2.8283e-09 1.7786e-09
1.5895e+03 1.8861e-01 3.1552e-01 1.9068e-09 3.6059e-08 3.0972e-09 2.9588e-09 1.7883e-09
1.5911e+03 1.8842e-01 3.1054e-01 1.9331e-09 3.6680e-08 3.4229e-09 3.0611e-09 1.9860e-09
1.5927e+03 1.8823e-01 3.0564e-01 1.8616e-09 3.5165e-08 3.3561e-09 2.9272e-09 1.9772e-09
1.5943e+03 1.8803e-01 3.1006e-01 1.8279e-09 3.4420e-08 3.0172e-09 2.8155e-09 1.7707e-09
1.5960e+03 1.8784e-01 3.1506e-01 1.8932e-09 3.5831e-08 3.0383e-09 2.9368e-09 1.7491e-09
1.5976e+03 1.8765e-01 3.1085e-01 1.9237e-09 3.6519e-08 3.3437e-09 3.0417e-09 1.9327e-09
1.5992e+03 1.8746e-01 3.0542e-01 1.8546e-09 3.5040e-08 3.3232e-09 2.9179e-09 1.9538e-09
1.6008e+03 1.8728e-01 3.0904e-01 1.8181e-09 3.4238e-08 3.0114e-09 2.8064e-09 1.7643e-09
1.6024e+03 1.8709e-01 3.1453e-01 1.8820e-09 3.5615e-08 2.9944e-09 2.9194e-09 1.7161e-09
1.6040e+03 1.8690e-01 3.1118e-01 1.9163e-09 3.6362e-08 3.2759e-09 3.0238e-09 1.8840e-09
1.6057e+03 1.8671e-01 3.0535e-01 1.8500e-09 3.4925e-08 3.2955e-09 2.9076e-09 1.9342e-09
1.6073e+03 1.8652e-01 3.0810e-01 1.8107e-09 3.4080e-08 3.0119e-09 2.7967e-09 1.7654e-09
1.6089e+03 1.8633e-01 3.1394e-01 1.8717e-09 3.5429e-08 2.9563e-09 2.9031e-09 1.6900e-09
1.6105e+03 1.8615e-01 3.1152e-01 1.9076e-09 3.6229e-08 3.2061e-09 3.0076e-09 1.8337e-09
1.6121e+03 1.8596e-01 3.0541e-01 1.8435e-09 3.4828e-08 3.2638e-09 2.8991e-09 1.9090e-09
1.6137e+03 1.8577e-01 3.0723e-01 1.8031e-09 3.3938e-08 3.0196e-09 2.7900e-09 1.7696e-09
1.6154e+03 1.8559e-01 3.1330e-01 1.8634e-09 3.5259e-08 2.9328e-09 2.8901e-09 1.6755e-09
1.6170e+03 1.8540e-01 3.1184e-01 1.9020e-09 3.6113e-08 3.1412e-09 2.9933e-09 1.7902e-09
1.6186e+03 1.8522e-01 3.0560e-01 1.8400e-09 3.4753e-08 3.2263e-09 2.8913e-09 1.8821e-09
1.6202e+03 1.8503e-01 3.0646e-01 1.7975e-09 3.3821e-08 3.0279e-09 2.7846e-09 1.7734e-09
1.6218e+03 1.8485e-01 3.1261e-01 1.8558e-09 3.5110e-08 2.9220e-09 2.8793e-09 1.6668e-09
1.6235e+03 1.8466e-01 3.1214e-01 1.8964e-09 3.6013e-08 3.0860e-09 2.9804e-09 1.7514e-09
1.6251e+03 1.8448e-01 3.0591e-01 1.8366e-09 3.4695e-08 3.1870e-09 2.8841e-09 1.8543e-09
1.6267e+03 1.8430e-01 3.0579e-01 1.7929e-09 3.3725e-08 3.0343e-09 2.7809e-09 1.7780e-09
1.6283e+03 1.8411e-01 3.1188e-01 1.8497e-09 3.4983e-08 2.9177e-09 2.8717e-09 1.6647e-09
1.6299e+03 1.8393e-01 3.1240e-01 1.8919e-09 3.5934e-08 3.0369e-09 2.9699e-09 1.7178e-09
1.6315e+03 1.8375e-01 3.0633e-01 1.8339e-09 3.4657e-08 3.1469e-09 2.8774e-09 1.8259e-09
1.6332e+03 1.8357e-01 3.0525e-01 1.7892e-09 3.3650e-08 3.0431e-09 2.7777e-09 1.7833e-09
1.6348e+03 1.8339e-01 3.1112e-01 1.8451e-09 3.4873e-08 2.9255e-09 2.8658e-09 1.6698e-09
1.6364e+03 1.8320e-01 3.1262e-01 1.8890e-09 3.5865e-08 2.9989e-09 2.9611e-09 1.6903e-09
1.6380e+03 1.8302e-01 3.0685e-01 1.8320e-09 3.4628e-08 3.1080e-09 2.8716e-09 1.7966e-09
1.6396e+03 1.8284e-01 3.0483e-01 1.7856e-09 3.3588e-08 3.0529e-09 2.7757e-09 1.7884e-09
1.6412e+03 1.8266e-01 3.1035e-01 1.8407e-09 3.4782e-08 2.9441e-09 2.8624e-09 1.6830e-09
1.6429e+03 1.8248e-01 3.1278e-01 1.8873e-09 3.5821e-08 2.9706e-09 2.9542e-09 1.6723e-09
1.6445e+03 1.8230e-01 3.0745e-01 1.8319e-09 3.4631e-08 3.0648e-09 2.8657e-09 1.7685e-09
1.6461e+03 1.8212e-01 3.0454e-01 1.7833e-09 3.3559e-08 3.0532e-09 2.7737e-09 1.7906e-09
1.6477e+03 1.8195e-01 3.0958e-01 1.8370e-09 3.4715e-08 2.9646e-09 2.8617e-09 1.6991e-09
1.6493e+03 1.8177e-01 3.1288e-01 1.8862e-09 3.5790e-08 2.9542e-09 2.9523e-09 1.6609e-09
1.6509e+03 1.8159e-01 3.0812e-01 1.8329e-09 3.4640e-08 3.0300e-09 2.8635e-09 1.7420e-09
1.6526e+03 1.8141e-01 3.0440e-01 1.7822e-09 3.3540e-08 3.0583e-09 2.7729e-09 1.7913e-09
1.6542e+03 1.8123e-01 3.0883e-01 1.8339e-09 3.4667e-08 2.9948e-09 2.8610e-09 1.7190e-09
1.6558e+03 1.8106e-01 3.1291e-01 1.8849e-09 3.5779e-08 2.9475e-09 2.9500e-09 1.6576e-09
