Time(ps) Source Detector[0] Detector[1] Detector[2] Detector[3] Detector[4]
0.0000e+00 0.0000e+00 0.0000e+00 0.0000e+00 0.0000e+00 0.0000e+00 0.0000e+00
3.8517e+02 0.0000e+00 0.0000e+00 0.0000e+00 0.0000e+00 0.0000e+00 0.0000e+00
7.7033e+02 6.1365e-03 0.0000e+00 0.0000e+00 0.0000e+00 0.0000e+00 0.0000e+00
1.1555e+03 3.8875e-03 0.0000e+00 0.0000e+00 0.0000e+00 0.0000e+00 0.0000e+00
1.5407e+03 -4.1118e-02 -5.1137e-04 0.0000e+00 0.0000e+00 0.0000e+00 0.0000e+00
1.9258e+03 -1.2233e-01 -1.5172e-03 0.0000e+00 0.0000e+00 0.0000e+00 0.0000e+00
2.3110e+03 -1.6968e-01 1.0654e-03 -3.5512e-06 -3.5512e-06 0.0000e+00 0.0000e+00
2.6962e+03 -9.4225e-02 1.5661e-02 -2.0598e-05 -2.0598e-05 8.8780e-07 -8.8780e-07
3.0813e+03 1.2595e-01 4.6700e-02 -3.7151e-05 -3.7274e-05 6.5304e-06 -6.1852e-06
3.4665e+03 3.9071e-01 8.1819e-02 7.3531e-05 7.2456e-05 1.8621e-05 -1.5591e-05
3.8517e+03 5.1475e-01 8.8605e-02 6.2226e-04 6.1832e-04 4.6075e-06 6.6060e-06
4.2368e+03 3.4963e-01 3.2551e-02 1.9604e-03 1.9554e-03 -1.6496e-04 1.7979e-04
4.6220e+03 -8.9221e-02 -8.9543e-02 3.9951e-03 4.0149e-03 -7.4856e-04 6.9492e-04
5.0072e+03 -5.9069e-01 -2.2612e-01 5.6118e-03 5.7473e-03 -2.0080e-03 1.6275e-03
5.3923e+03 -8.5415e-01 -2.8503e-01 4.6808e-03 5.1251e-03 -3.8475e-03 2.5805e-03
5.7775e+03 -6.7810e-01 -1.8935e-01 -7.4845e-04 2.6340e-04 -5.3803e-03 2.4501e-03
6.1627e+03 -1.0763e-01 5.6913e-02 -1.0336e-02 -8.6252e-03 -4.8758e-03 -1.8735e-04
6.5478e+03 5.6690e-01 3.4360e-01 -1.9916e-02 -1.7850e-02 -5.5804e-04 -5.8387e-03
6.9330e+03 9.7226e-01 5.0171e-01 -2.2457e-02 -2.1159e-02 7.8017e-03 -1.2611e-02
7.3182e+03 8.8092e-01 4.0553e-01 -1.2125e-02 -1.3399e-02 1.7434e-02 -1.5918e-02
7.7033e+03 3.4505e-01 6.6274e-02 1.0476e-02 4.9459e-03 2.2714e-02 -1.0629e-02
8.0885e+03 -3.6462e-01 -3.5207e-01 3.5792e-02 2.5823e-02 1.7765e-02 4.7579e-03
8.4737e+03 -8.9064e-01 -6.1715e-01 4.8709e-02 3.6835e-02 6.6184e-04 2.4658e-02
8.8588e+03 -9.6805e-01 -5.6479e-01 3.7303e-02 2.8770e-02 -2.3406e-02 3.7281e-02
9.2440e+03 -5.5786e-01 -2.0257e-01 1.9574e-03 2.8405e-03 -4.2902e-02 3.1232e-02
9.6292e+03 1.3332e-01 2.8543e-01 -4.1768e-02 -2.7836e-02 -4.5461e-02 4.6428e-03
1.0014e+04 7.5734e-01 6.3799e-01 -6.9983e-02 -4.4772e-02 -2.5585e-02 -3.0021e-02
1.0399e+04 9.9990e-01 6.6190e-01 -6.4072e-02 -3.5393e-02 1.0391e-02 -5.1109e-02
1.0785e+04 7.3882e-01 3.3909e-01 -2.2884e-02 -1.9971e-03 4.5998e-02 -4.1881e-02
1.1170e+04 1.0560e-01 -1.6370e-01 3.4617e-02 3.7794e-02 6.2943e-02 -4.5534e-03
1.1555e+04 -5.8081e-01 -5.8504e-01 7.8693e-02 6.0085e-02 5.1382e-02 3.7252e-02
1.1940e+04 -9.7467e-01 -7.0708e-01 8.5018e-02 4.8295e-02 1.5794e-02 5.2560e-02
1.2325e+04 -8.7760e-01 -4.6771e-01 4.8243e-02 3.5415e-03 -2.7242e-02 2.5976e-02
1.2710e+04 -3.3849e-01 9.8978e-03 -1.4766e-02 -5.4028e-02 -5.7912e-02 -2.7150e-02
1.3096e+04 3.7111e-01 4.8225e-01 -7.3445e-02 -9.3907e-02 -6.3121e-02 -6.7182e-02
1.3481e+04 8.9379e-01 7.0986e-01 -9.8727e-02 -9.0026e-02 -4.1909e-02 -5.7275e-02
1.3866e+04 9.6627e-01 5.7777e-01 -7.7035e-02 -3.5118e-02 -4.2816e-03 6.7091e-03
1.4251e+04 5.5205e-01 1.5299e-01 -1.6709e-02 5.2040e-02 3.4396e-02 8.6592e-02
1.4636e+04 -1.4023e-01 -3.4942e-01 5.5371e-02 1.3117e-01 5.9566e-02 1.2349e-01
1.5021e+04 -7.6188e-01 -6.7478e-01 1.0525e-01 1.5729e-01 6.1752e-02 7.8899e-02
1.5407e+04 -9.9978e-01 -6.5776e-01 1.0700e-01 1.0442e-01 3.8918e-02 -3.3094e-02
1.5792e+04 -7.3410e-01 -3.0690e-01 5.5675e-02 -1.5267e-02 -2.2523e-03 -1.4762e-01
1.6177e+04 -9.8660e-02 1.9921e-01 -2.7912e-02 -1.4919e-01 -4.6670e-02 -1.8767e-01
1.6562e+04 5.8647e-01 6.0284e-01 -1.0427e-01 -2.2573e-01 -7.4635e-02 -1.1569e-01
1.6947e+04 9.7621e-01 6.9906e-01 -1.3317e-01 -1.9219e-01 -6.9994e-02 3.6867e-02
1.7332e+04 8.7423e-01 4.4048e-01 -9.5003e-02 -4.9669e-02 -2.9878e-02 1.8403e-01
1.7718e+04 3.3192e-01 -3.9469e-02 -4.1172e-03 1.3793e-01 3.0086e-02 2.3651e-01
1.8103e+04 -3.7758e-01 -4.9608e-01 9.5084e-02 2.7177e-01 8.0531e-02 1.5735e-01
1.8488e+04 -8.9690e-01 -6.9894e-01 1.4978e-01 2.7148e-01 9.2924e-02 -1.3651e-02
1.8873e+04 -9.6445e-01 -5.4829e-01 1.2765e-01 1.2457e-01 5.6574e-02 -1.8233e-01
1.9258e+04 -5.4622e-01 -1.2340e-01 3.6634e-02 -9.9446e-02 -1.2669e-02 -2.5505e-01
1.9643e+04 1.4714e-01 3.5996e-01 -7.7044e-02 -2.8255e-01 -7.8906e-02 -1.9223e-01
2.0029e+04 7.6638e-01 6.5938e-01 -1.5293e-01 -3.2271e-01 -1.0549e-01 -2.9180e-02
2.0414e+04 9.9961e-01 6.2685e-01 -1.4948e-01 -1.9268e-01 -7.6171e-02 1.4592e-01
2.0799e+04 7.2934e-01 2.8103e-01 -6.7355e-02 4.2085e-02 -5.2913e-03 2.4173e-01
2.1184e+04 9.1713e-02 -2.0369e-01 5.0540e-02 2.5782e-01 6.9538e-02 2.1207e-01
2.1569e+04 -5.9211e-01 -5.8489e-01 1.4224e-01 3.3994e-01 1.0812e-01 7.7172e-02
2.1954e+04 -9.7770e-01 -6.7260e-01 1.5999e-01 2.4519e-01 8.9779e-02 -9.0465e-02
2.2340e+04 -8.7082e-01 -4.2351e-01 9.5211e-02 2.4216e-02 2.4363e-02 -2.0568e-01
2.2725e+04 -3.2533e-01 3.7587e-02 -1.7814e-02 -2.0687e-01 -5.3501e-02 -2.1380e-01
2.3110e+04 3.8404e-01 4.7982e-01 -1.2060e-01 -3.2875e-01 -1.0317e-01 -1.1600e-01
2.3495e+04 8.9996e-01 6.8142e-01 -1.6093e-01 -2.8077e-01 -9.9237e-02 3.4111e-02
2.3880e+04 9.6259e-01 5.4093e-01 -1.1913e-01 -9.0515e-02 -4.4235e-02 1.5954e-01
2.4265e+04 5.4036e-01 1.2854e-01 -1.7359e-02 1.4257e-01 3.3210e-02 1.9924e-01
2.4651e+04 -1.5403e-01 -3.4872e-01 9.2265e-02 2.9930e-01 9.3299e-02 1.3790e-01
2.5036e+04 -7.7085e-01 -6.5093e-01 1.5419e-01 3.0137e-01 1.0533e-01 1.1582e-02
2.5421e+04 -9.9939e-01 -6.2606e-01 1.3741e-01 1.5007e-01 6.3211e-02 -1.1292e-01
2.5806e+04 -7.2455e-01 -2.8653e-01 5.0981e-02 -7.5517e-02 -1.1389e-02 -1.7351e-01
2.6191e+04 -8.4761e-02 1.9706e-01 -6.0685e-02 -2.5950e-01 -8.0039e-02 -1.4401e-01
2.6576e+04 5.9772e-01 5.8183e-01 -1.4055e-01 -3.0846e-01 -1.0726e-01 -4.5068e-02
2.6962e+04 9.7914e-01 6.7457e-01 -1.4814e-01 -1.9901e-01 -7.8996e-02 6.9637e-02
2.7347e+04 8.6737e-01 4.2860e-01 -8.0293e-02 1.0787e-02 -1.0078e-02 1.4272e-01
2.7732e+04 3.1872e-01 -3.2948e-02 2.7536e-02 2.1207e-01 6.3500e-02 1.4159e-01
2.8117e+04 -3.9047e-01 -4.7873e-01 1.1992e-01 3.0190e-01 1.0358e-01 7.1853e-02
2.8502e+04 -9.0298e-01 -6.8487e-01 1.5021e-01 2.3621e-01 8.9930e-02 -2.8913e-02
2.8887e+04 -9.6067e-01 -5.4714e-01 1.0425e-01 5.1427e-02 3.0521e-02 -1.1147e-01
2.9273e+04 -5.3448e-01 -1.3366e-01 6.6838e-03 -1.5613e-01 -4.3250e-02 -1.3807e-01
2.9658e+04 1.6093e-01 3.4846e-01 -9.2490e-02 -2.8097e-01 -9.3520e-02 -9.8198e-02
3.0043e+04 7.7527e-01 6.5656e-01 -1.4380e-01 -2.6214e-01 -9.5575e-02 -1.1655e-02
3.0428e+04 9.9912e-01 6.3449e-01 -1.2280e-01 -1.1237e-01 -4.9814e-02 8.0950e-02
3.0813e+04 7.1972e-01 2.9201e-01 -4.1295e-02 9.0859e-02 1.9581e-02 1.3596e-01
3.1198e+04 7.7806e-02 -1.9904e-01 5.9553e-02 2.4579e-01 7.7686e-02 1.2603e-01
3.1584e+04 -6.0330e-01 -5.9082e-01 1.2996e-01 2.7698e-01 9.6335e-02 5.3472e-02
3.1969e+04 -9.8053e-01 -6.8481e-01 1.3573e-01 1.7109e-01 6.7403e-02 -4.8948e-02
3.2354e+04 -8.6388e-01 -4.3274e-01 7.4510e-02 -1.8280e-02 5.9316e-03 -1.3168e-01
3.2739e+04 -3.1210e-01 3.8410e-02 -2.3414e-02 -1.9771e-01 -5.7714e-02 -1.5187e-01
3.3124e+04 3.9689e-01 4.9050e-01 -1.0982e-01 -2.7935e-01 -9.2580e-02 -9.5758e-02
3.3509e+04 9.0596e-01 6.9488e-01 -1.4199e-01 -2.2323e-01 -8.1862e-02 1.2027e-02
3.3895e+04 9.5871e-01 5.4827e-01 -1.0367e-01 -5.6603e-02 -3.0896e-02 1.1874e-01
3.4280e+04 5.2857e-01 1.2490e-01 -1.3415e-02 1.3887e-01 3.5334e-02 1.6944e-01
3.4665e+04 -1.6781e-01 -3.6128e-01 8.4106e-02 2.6660e-01 8.4200e-02 1.3561e-01
3.5050e+04 -7.7966e-01 -6.6490e-01 1.4012e-01 2.6258e-01 9.1404e-02 3.1261e-02
3.5435e+04 -9.9881e-01 -6.3301e-01 1.2621e-01 1.2769e-01 5.3148e-02 -9.2702e-02
3.5820e+04 -7.1486e-01 -2.8198e-01 4.8882e-02 -7.1812e-02 -1.1707e-02 -1.7356e-01
3.6206e+04 -7.0846e-02 2.1100e-01 -5.3378e-02 -2.3667e-01 -7.0879e-02 -1.6874e-01
3.6591e+04 6.0885e-01 5.9736e-01 -1.2930e-01 -2.8417e-01 -9.4790e-02 -7.8202e-02
3.6976e+04 9.8188e-01 6.8239e-01 -1.4063e-01 -1.8987e-01 -7.1443e-02 5.4348e-02
3.7361e+04 8.6034e-01 4.2332e-01 -8.1467e-02 -3.1387e-04 -1.2445e-02 1.6255e-01
3.7746e+04 3.0546e-01 -4.9114e-02 1.8777e-02 1.9011e-01 5.2833e-02 1.9065e-01
3.8131e+04 -4.0328e-01 -4.9658e-01 1.1003e-01 2.8625e-01 9.1929e-02 1.2243e-01
3.8517e+04 -9.0889e-01 -6.9337e-01 1.4654e-01 2.3977e-01 8.5375e-02 -9.3412e-03
3.8902e+04 -9.5670e-01 -5.4035e-01 1.0973e-01 7.3288e-02 3.6276e-02 -1.3831e-01
3.9287e+04 -5.2263e-01 -1.1501e-01 1.7580e-02 -1.3063e-01 -3.1210e-02 -1.9808e-01
3.9672e+04 1.7469e-01 3.6780e-01 -8.4071e-02 -2.7028e-01 -8.3653e-02 -1.5689e-01
4.0057e+04 7.8401e-01 6.6456e-01 -1.4417e-01 -2.7528e-01 -9.4742e-02 -3.5042e-02
4.0442e+04 9.9844e-01 6.2603e-01 -1.3199e-01 -1.4196e-01 -5.8394e-02 1.0485e-01
4.0828e+04 7.0996e-01 2.7230e-01 -5.2928e-02 6.3907e-02 7.8414e-03 1.9034e-01
4.1213e+04 6.3883e-02 -2.1784e-01 5.3643e-02 2.3920e-01 7.1027e-02 1.7736e-01
4.1598e+04 -6.1437e-01 -5.9746e-01 1.3383e-01 2.9484e-01 9.9072e-02 7.3461e-02
4.1983e+04 -9.8318e-01 -6.7594e-01 1.4653e-01 2.0128e-01 7.7084e-02 -6.6502e-02
4.2368e+04 -8.5676e-01 -4.1449e-01 8.4656e-02 4.6399e-03 1.5470e-02 -1.6977e-01
4.2753e+04 -2.9881e-01 5.4869e-02 -2.0681e-02 -1.9569e-01 -5.4784e-02 -1.8404e-01
4.3139e+04 4.0966e-01 4.9607e-01 -1.1585e-01 -2.9732e-01 -9.7695e-02 -1.0411e-01
4.3524e+04 9.1178e-01 6.8760e-01 -1.5217e-01 -2.4758e-01 -9.0893e-02 2.6778e-02
4.3909e+04 9.5465e-01 5.3351e-01 -1.1098e-01 -7.1246e-02 -3.7466e-02 1.4068e-01
4.4294e+04 5.1667e-01 1.1137e-01 -1.3328e-02 1.4177e-01 3.5376e-02 1.8036e-01
4.4679e+04 -1.8155e-01 -3.6675e-01 9.0913e-02 2.8254e-01 9.0290e-02 1.2784e-01
4.5064e+04 -7.8833e-01 -6.6058e-01 1.4872e-01 2.7917e-01 9.9124e-02 1.2041e-02
4.5450e+04 -9.9803e-01 -6.2233e-01 1.3094e-01 1.3366e-01 5.7414e-02 -1.0724e-01
4.5835e+04 -7.0503e-01 -2.7099e-01 4.6955e-02 -7.9478e-02 -1.3437e-02 -1.7006e-01
4.6220e+04 -5.6917e-02 2.1693e-01 -6.0434e-02 -2.5167e-01 -7.7288e-02 -1.4605e-01
4.6605e+04 6.1987e-01 5.9597e-01 -1.3689e-01 -2.9574e-01 -1.0177e-01 -4.8839e-02
4.6990e+04 9.8443e-01 6.7521e-01 -1.4399e-01 -1.8988e-01 -7.4634e-02 7.1656e-02
4.7375e+04 8.5314e-01 4.1452e-01 -7.8436e-02 1.1790e-02 -9.8090e-03 1.5466e-01
4.7761e+04 2.9214e-01 -5.5018e-02 2.6485e-02 2.0703e-01 5.9827e-02 1.5897e-01
4.8146e+04 -4.1601e-01 -4.9707e-01 1.1779e-01 2.9724e-01 9.9075e-02 8.3250e-02
4.8531e+04 -9.1462e-01 -6.8903e-01 1.4948e-01 2.3708e-01 8.8153e-02 -3.3778e-02
4.8916e+04 -9.5255e-01 -5.3416e-01 1.0569e-01 5.7209e-02 3.2655e-02 -1.3315e-01
4.9301e+04 -5.1068e-01 -1.1030e-01 8.6684e-03 -1.5135e-01 -3.9277e-02 -1.6537e-01
4.9686e+04 1.8841e-01 3.6926e-01 -9.2492e-02 -2.8316e-01 -9.1181e-02 -1.1488e-01
5.0072e+04 7.9260e-01 6.6317e-01 -1.4671e-01 -2.7171e-01 -9.6788e-02 -7.3566e-03
5.0457e+04 9.9757e-01 6.2336e-01 -1.2677e-01 -1.2305e-01 -5.3385e-02 1.0363e-01
5.0842e+04 7.0007e-01 2.6963e-01 -4.3030e-02 8.7349e-02 1.6833e-02 1.6330e-01
5.1227e+04 4.9949e-02 -2.2023e-01 6.2007e-02 2.5301e-01 7.8157e-02 1.4245e-01
5.1612e+04 -6.2533e-01 -5.9965e-01 1.3536e-01 2.9054e-01 9.9632e-02 5.1350e-02
5.1997e+04 -9.8563e-01 -6.7736e-01 1.4035e-01 1.8170e-01 7.0751e-02 -6.5570e-02
5.2383e+04 -8.4948e-01 -4.1375e-01 7.4946e-02 -1.7877e-02 6.5411e-03 -1.5122e-01
5.2768e+04 -2.8546e-01 5.8761e-02 -2.7650e-02 -2.0738e-01 -6.0376e-02 -1.6339e-01
5.3153e+04 4.2235e-01 5.0217e-01 -1.1591e-01 -2.9193e-01 -9.6459e-02 -9.5193e-02
5.3538e+04 9.1742e-01 6.9274e-01 -1.4587e-01 -2.2999e-01 -8.4034e-02 2.1034e-02
5.3923e+04 9.5040e-01 5.3397e-01 -1.0289e-01 -5.3506e-02 -2.9812e-02 1.2875e-01
5.4308e+04 5.0467e-01 1.0564e-01 -8.6711e-03 1.4882e-01 3.8846e-02 1.7439e-01
5.4694e+04 -1.9526e-01 -3.7623e-01 8.9718e-02 2.7609e-01 8.7749e-02 1.3394e-01
5.5079e+04 -7.9684e-01 -6.6843e-01 1.4325e-01 2.6533e-01 9.2779e-02 2.5863e-02
5.5464e+04 -9.9705e-01 -6.2343e-01 1.2523e-01 1.2230e-01 5.1648e-02 -9.6953e-02
5.5849e+04 -6.9507e-01 -2.6397e-01 4.4538e-02 -8.1551e-02 -1.5116e-02 -1.7291e-01
5.6234e+04 -4.2978e-02 2.2852e-01 -5.8630e-02 -2.4463e-01 -7.4326e-02 -1.6282e-01
5.6619e+04 6.3076e-01 6.0557e-01 -1.3268e-01 -2.8555e-01 -9.6504e-02 -7.0505e-02
5.7005e+04 9.8679e-01 6.7715e-01 -1.4036e-01 -1.8364e-01 -7.0494e-02 5.8286e-02
5.7390e+04 8.4578e-01 4.0741e-01 -7.7516e-02 1.0448e-02 -9.1260e-03 1.5857e-01
5.7775e+04 2.7876e-01 -6.7464e-02 2.4524e-02 1.9970e-01 5.7005e-02 1.7922e-01
5.8160e+04 -4.2867e-01 -5.0808e-01 1.1453e-01 2.8907e-01 9.4734e-02 1.0924e-01
5.8545e+04 -9.2018e-01 -6.9252e-01 1.4709e-01 2.3334e-01 8.4979e-02 -1.6204e-02
5.8930e+04 -9.4821e-01 -5.2805e-01 1.0563e-01 6.0127e-02 3.2467e-02 -1.3360e-01
5.9316e+04 -4.9863e-01 -9.7683e-02 1.0846e-02 -1.4366e-01 -3.6512e-02 -1.8331e-01
5.9701e+04 2.0210e-01 3.8171e-01 -8.9577e-02 -2.7546e-01 -8.7284e-02 -1.3999e-01
6.0086e+04 8.0103e-01 6.6865e-01 -1.4504e-01 -2.6874e-01 -9.4260e-02 -2.5586e-02
6.0471e+04 9.9650e-01 6.1867e-01 -1.2753e-01 -1.2670e-01 -5.3848e-02 1.0173e-01
6.0856e+04 6.9003e-01 2.5706e-01 -4.5749e-02 7.9330e-02 1.3722e-02 1.7707e-01
6.1241e+04 3.6004e-02 -2.3392e-01 5.9238e-02 2.4572e-01 7.4556e-02 1.6196e-01
6.1627e+04 -6.3616e-01 -6.0685e-01 1.3461e-01 2.8867e-01 9.8081e-02 6.4076e-02
6.2012e+04 -9.8789e-01 -6.7392e-01 1.4232e-01 1.8630e-01 7.2364e-02 -6.6434e-02
6.2397e+04 -8.4204e-01 -4.0155e-01 7.8275e-02 -1.0215e-02 1.0129e-02 -1.6260e-01
6.2782e+04 -2.7205e-01 7.2837e-02 -2.5482e-02 -2.0218e-01 -5.7505e-02 -1.7507e-01
6.3167e+04 4.3496e-01 5.1018e-01 -1.1672e-01 -2.9280e-01 -9.6509e-02 -9.7606e-02
6.3552e+04 9.2289e-01 6.9036e-01 -1.4928e-01 -2.3592e-01 -8.7018e-02 2.9644e-02
6.3938e+04 9.4597e-01 5.2293e-01 -1.0641e-01 -5.9554e-02 -3.3472e-02 1.4104e-01
6.4323e+04 4.9257e-01 9.2481e-02 -9.5276e-03 1.4770e-01 3.7357e-02 1.7946e-01
6.4708e+04 -2.0893e-01 -3.8420e-01 9.2464e-02 2.8105e-01 8.9674e-02 1.2577e-01
6.5093e+04 -8.0519e-01 -6.6732e-01 1.4783e-01 2.7251e-01 9.6770e-02 8.2180e-03
6.5478e+04 -9.9589e-01 -6.1464e-01 1.2834e-01 1.2577e-01 5.4741e-02 -1.1259e-01
6.5863e+04 -6.8496e-01 -2.5282e-01 4.3778e-02 -8.5212e-02 -1.5279e-02 -1.7519e-01
6.6249e+04 -2.9029e-02 2.3612e-01 -6.2995e-02 -2.5348e-01 -7.7742e-02 -1.4849e-01
6.6634e+04 6.4153e-01 6.0627e-01 -1.3781e-01 -2.9348e-01 -1.0081e-01 -4.6972e-02
6.7019e+04 9.8895e-01 6.7143e-01 -1.4279e-01 -1.8473e-01 -7.2686e-02 7.7457e-02
6.7404e+04 8.3825e-01 3.9872e-01 -7.5551e-02 1.7627e-02 -7.6778e-03 1.6212e-01
6.7789e+04 2.6533e-01 -7.4798e-02 2.9703e-02 2.1096e-01 6.1144e-02 1.6501e-01
6.8174e+04 -4.4123e-01 -5.1091e-01 1.1970e-01 2.9738e-01 9.8864e-02 8.5322e-02
6.8560e+04 -9.2555e-01 -6.9001e-01 1.4909e-01 2.3340e-01 8.6479e-02 -3.6689e-02
6.8945e+04 -9.4368e-01 -5.2173e-01 1.0327e-01 5.1727e-02 3.0439e-02 -1.4007e-01
6.9330e+04 -4.8648e-01 -9.0575e-02 5.5819e-03 -1.5565e-01 -4.0788e-02 -1.7345e-01
6.9715e+04 2.1575e-01 3.8642e-01 -9.4681e-02 -2.8414e-01 -9.1227e-02 -1.2042e-01
7.0100e+04 8.0931e-01 6.6897e-01 -1.4709e-01 -2.6925e-01 -9.5544e-02 -7.4741e-03
7.0485e+04 9.9523e-01 6.1461e-01 -1.2540e-01 -1.1884e-01 -5.1723e-02 1.0919e-01
7.0871e+04 6.7986e-01 2.5058e-01 -4.0664e-02 9.1104e-02 1.8041e-02 1.7156e-01
7.1256e+04 2.2053e-02 -2.3981e-01 6.4398e-02 2.5484e-01 7.8566e-02 1.4866e-01
7.1641e+04 -6.4686e-01 -6.0954e-01 1.3691e-01 2.9007e-01 9.9398e-02 5.1917e-02
7.2026e+04 -9.8996e-01 -6.7233e-01 1.4043e-01 1.7927e-01 7.0116e-02 -7.0586e-02
7.2411e+04 -8.3442e-01 -3.9647e-01 7.3275e-02 -2.1591e-02 5.5643e-03 -1.5801e-01
7.2796e+04 -2.5860e-01 7.9206e-02 -3.0648e-02 -2.1125e-01 -6.1650e-02 -1.6703e-01
7.3182e+04 4.4749e-01 5.1515e-01 -1.1897e-01 -2.9422e-01 -9.7634e-02 -9.3243e-02
7.3567e+04 9.2817e-01 6.9174e-01 -1.4727e-01 -2.2894e-01 -8.4334e-02 2.6743e-02
7.3952e+04 9.4135e-01 5.1988e-01 -1.0146e-01 -4.8627e-02 -2.8617e-02 1.3349e-01
7.4337e+04 4.8037e-01 8.5965e-02 -4.7790e-03 1.5566e-01 4.1290e-02 1.7411e-01
7.4722e+04 -2.2256e-01 -3.9151e-01 9.4064e-02 2.8109e-01 9.0152e-02 1.2836e-01
7.5107e+04 -8.1339e-01 -6.7192e-01 1.4545e-01 2.6489e-01 9.3525e-02 1.8715e-02
7.5493e+04 -9.9453e-01 -6.1379e-01 1.2374e-01 1.1572e-01 4.9962e-02 -1.0058e-01
7.5878e+04 -6.7473e-01 -2.4620e-01 4.0030e-02 -9.1042e-02 -1.8450e-02 -1.7015e-01
7.6263e+04 -1.5075e-02 2.4565e-01 -6.3611e-02 -2.5152e-01 -7.7343e-02 -1.5492e-01
7.6648e+04 6.5217e-01 6.1378e-01 -1.3525e-01 -2.8546e-01 -9.7326e-02 -6.1902e-02
7.7033e+04 9.9092e-01 6.7249e-01 -1.3905e-01 -1.7625e-01 -6.8577e-02 6.2766e-02
7.7418e+04 8.3056e-01 3.9214e-01 -7.3133e-02 2.1104e-02 -5.5993e-03 1.5648e-01
7.7804e+04 2.5185e-01 -8.5887e-02 2.9511e-02 2.0767e-01 6.0104e-02 1.7159e-01
7.8189e+04 -4.5372e-01 -5.2053e-01 1.1747e-01 2.9004e-01 9.5725e-02 9.9793e-02
7.8574e+04 -9.3075e-01 -6.9269e-01 1.4658e-01 2.2695e-01 8.3450e-02 -2.3057e-02
7.8959e+04 -9.3897e-01 -5.1571e-01 1.0206e-01 4.9882e-02 2.9343e-02 -1.3471e-01
7.9344e+04 -4.7424e-01 -7.8983e-02 6.0834e-03 -1.5249e-01 -3.9602e-02 -1.7814e-01
7.9729e+04 2.2936e-01 3.9730e-01 -9.3202e-02 -2.7858e-01 -8.8849e-02 -1.3084e-01
8.0115e+04 8.1743e-01 6.7320e-01 -1.4578e-01 -2.6478e-01 -9.3585e-02 -1.6638e-02
8.0500e+04 9.9377e-01 6.0991e-01 -1.2500e-01 -1.1764e-01 -5.1247e-02 1.0628e-01
8.0885e+04 6.6956e-01 2.3949e-01 -4.1116e-02 8.9121e-02 1.7036e-02 1.7513e-01
8.1270e+04 8.0970e-03 -2.5136e-01 6.3685e-02 2.5144e-01 7.6944e-02 1.5467e-01
8.1655e+04 -6.5744e-01 -6.1546e-01 1.3654e-01 2.8734e-01 9.8231e-02 5.5248e-02
8.2040e+04 -9.9184e-01 -6.6954e-01 1.4062e-01 1.7839e-01 7.0039e-02 -7.2464e-02
8.2426e+04 -8.2665e-01 -3.8647e-01 7.3747e-02 -2.0748e-02 6.4649e-03 -1.6338e-01
8.2811e+04 -2.4509e-01 9.1123e-02 -3.0406e-02 -2.0975e-01 -6.0495e-02 -1.7114e-01
8.3196e+04 4.5992e-01 5.2272e-01 -1.1934e-01 -2.9327e-01 -9.7076e-02 -9.1708e-02
8.3581e+04 9.3328e-01 6.9097e-01 -1.4818e-01 -2.2903e-01 -8.4786e-02 3.4560e-02
8.3966e+04 9.3655e-01 5.1122e-01 -1.0232e-01 -4.9226e-02 -2.9742e-02 1.4345e-01
8.4351e+04 4.6809e-01 7.4061e-02 -4.8131e-03 1.5567e-01 4.0396e-02 1.7952e-01
8.4737e+04 -2.3614e-01 -4.0028e-01 9.5256e-02 2.8242e-01 9.0319e-02 1.2433e-01
8.5122e+04 -8.2143e-01 -6.7292e-01 1.4742e-01 2.6701e-01 9.4823e-02 5.8897e-03
8.5507e+04 -9.9297e-01 -6.0665e-01 1.2527e-01 1.1693e-01 5.1511e-02 -1.1561e-01
8.5892e+04 -6.6436e-01 -2.3498e-01 3.9851e-02 -9.2430e-02 -1.7918e-02 -1.7845e-01
8.6277e+04 -1.1184e-03 2.5485e-01 -6.5827e-02 -2.5560e-01 -7.8507e-02 -1.5082e-01
8.6662e+04 6.6269e-01 6.1621e-01 -1.3841e-01 -2.9010e-01 -9.9606e-02 -4.6946e-02
8.7048e+04 9.9270e-01 6.6729e-01 -1.4115e-01 -1.7819e-01 -7.0396e-02 8.0343e-02
8.7433e+04 8.2270e-01 3.8249e-01 -7.2547e-02 2.3956e-02 -5.4861e-03 1.6668e-01
8.7818e+04 2.3832e-01 -9.4784e-02 3.2763e-02 2.1434e-01 6.2353e-02 1.6880e-01
8.8203e+04 -4.6611e-01 -5.2433e-01 1.2153e-01 2.9664e-01 9.8738e-02 8.6206e-02
8.8588e+04 -9.3576e-01 -6.8999e-01 1.4886e-01 2.2907e-01 8.5156e-02 -3.9082e-02
8.8973e+04 -9.3408e-01 -5.0837e-01 1.0097e-01 4.5690e-02 2.8440e-02 -1.4408e-01
8.9359e+04 -4.6191e-01 -7.0803e-02 2.1563e-03 -1.6076e-01 -4.2662e-02 -1.7655e-01
8.9744e+04 2.4292e-01 4.0254e-01 -9.7582e-02 -2.8587e-01 -9.2110e-02 -1.2089e-01
9.0129e+04 8.2539e-01 6.7338e-01 -1.4791e-01 -2.6649e-01 -9.4903e-02 -5.4198e-03
9.0514e+04 9.9212e-01 6.0522e-01 -1.2359e-01 -1.1265e-01 -4.9740e-02 1.1211e-01
9.0899e+04 6.5913e-01 2.3218e-01 -3.7076e-02 9.7714e-02 2.0416e-02 1.7335e-01
9.1284e+04 -5.8603e-03 -2.5800e-01 6.7894e-02 2.5838e-01 8.0075e-02 1.4821e-01
9.1670e+04 -6.6790e-01 -6.1845e-01 1.3847e-01 2.8851e-01 9.9202e-02 4.9508e-02
9.2055e+04 -9.9352e-01 -6.6747e-01 1.3925e-01 1.7331e-01 6.8319e-02 -7.3494e-02
9.2440e+04 -8.1872e-01 -3.8021e-01 7.0019e-02 -2.8854e-02 3.1430e-03 -1.5959e-01
9.2825e+04 -2.3153e-01 9.8725e-02 -3.4295e-02 -2.1607e-01 -6.3439e-02 -1.6599e-01
9.3210e+04 4.7227e-01 5.2805e-01 -1.2122e-01 -2.9423e-01 -9.7958e-02 -8.9606e-02
9.3595e+04 9.3820e-01 6.9141e-01 -1.4710e-01 -2.2425e-01 -8.3146e-02 3.1385e-02
9.3981e+04 9.3156e-01 5.0641e-01 -9.8986e-02 -4.1589e-02 -2.6549e-02 1.3651e-01
9.4366e+04 4.5571e-01 6.6227e-02 -1.1331e-03 1.6175e-01 4.3311e-02 1.7322e-01
9.4751e+04 -2.4968e-01 -4.0740e-01 9.7216e-02 2.8347e-01 9.1287e-02 1.2316e-01
9.5136e+04 -8.2931e-01 -6.7586e-01 1.4659e-01 2.6241e-01 9.3272e-02 1.1421e-02
9.5521e+04 -9.9122e-01 -6.0386e-01 1.2217e-01 1.0931e-01 4.8326e-02 -1.0598e-01
9.5906e+04 -6.5386e-01 -2.2763e-01 3.6314e-02 -9.8646e-02 -2.0872e-02 -1.7017e-01
9.6292e+04 1.2839e-02 2.6335e-01 -6.7740e-02 -2.5672e-01 -7.9459e-02 -1.4891e-01
9.6677e+04 6.7308e-01 6.2173e-01 -1.3762e-01 -2.8541e-01 -9.7977e-02 -5.2758e-02
9.7062e+04 9.9429e-01 6.6691e-01 -1.3824e-01 -1.7045e-01 -6.7194e-02 7.0115e-02
9.7447e+04 8.1469e-01 3.7604e-01 -6.9350e-02 3.0107e-02 -2.7008e-03 1.5799e-01
9.7832e+04 2.2474e-01 -1.0439e-01 3.4331e-02 2.1526e-01 6.3016e-02 1.6648e-01
9.8217e+04 -4.7841e-01 -5.3231e-01 1.2068e-01 2.9195e-01 9.6961e-02 9.0922e-02
