Frequency(THz) Wavelength(um) Source Detector[0] Detector[1] Detector[2] Detector[3] Detector[4]
0.0000e+00 1.8540e+02 1.7407e-25 5.1081e-13 3.7016e-05 1.3952e-07 6.5156e-06 3.6202e-06
1.6170e+00 1.8540e+02 4.8365e-05 5.0598e-13 3.7064e-05 1.2945e-07 6.5852e-06 3.6942e-06
3.2340e+00 9.2701e+01 1.9348e-04 5.1412e-13 3.7207e-05 1.2129e-07 6.6580e-06 3.7581e-06
4.8509e+00 6.1801e+01 4.3539e-04 5.2656e-13 3.7385e-05 1.4409e-07 6.5335e-06 3.5983e-06
6.4679e+00 4.6351e+01 7.7418e-04 4.9842e-13 3.7468e-05 1.8419e-07 6.2547e-06 3.3033e-06
8.0849e+00 3.7080e+01 1.2100e-03 4.8213e-13 3.7404e-05 2.0387e-07 6.0618e-06 3.1442e-06
9.7019e+00 3.0900e+01 1.7429e-03 5.4008e-13 3.7302e-05 1.9534e-07 6.0734e-06 3.1936e-06
1.1319e+01 2.6486e+01 2.3732e-03 5.6123e-13 3.7270e-05 1.8385e-07 6.1692e-06 3.2823e-06
1.2936e+01 2.3175e+01 3.1011e-03 4.6610e-13 3.7268e-05 1.8336e-07 6.2068e-06 3.3000e-06
1.4553e+01 2.0600e+01 3.9267e-03 4.4143e-13 3.7208e-05 1.8138e-07 6.2100e-06 3.3210e-06
1.6170e+01 1.8540e+01 4.8505e-03 5.8896e-13 3.7134e-05 1.6916e-07 6.2697e-06 3.4098e-06
1.7787e+01 1.6855e+01 5.8727e-03 6.2913e-13 3.7138e-05 1.5778e-07 6.3700e-06 3.4976e-06
1.9404e+01 1.5450e+01 6.9936e-03 4.2808e-13 3.7193e-05 1.5603e-07 6.4246e-06 3.5198e-06
2.1021e+01 1.4262e+01 8.2137e-03 3.7607e-13 3.7202e-05 1.5562e-07 6.4279e-06 3.5269e-06
2.2638e+01 1.3243e+01 9.5334e-03 6.5534e-13 3.7179e-05 1.4884e-07 6.4520e-06 3.5761e-06
2.4255e+01 1.2360e+01 1.0953e-02 7.4950e-13 3.7220e-05 1.4263e-07 6.5136e-06 3.6268e-06
2.5872e+01 1.1588e+01 1.2473e-02 4.0728e-13 3.7317e-05 1.4392e-07 6.5514e-06 3.6271e-06
2.7489e+01 1.0906e+01 1.4095e-02 2.8572e-13 3.7372e-05 1.4655e-07 6.5413e-06 3.6117e-06
2.9106e+01 1.0300e+01 1.5818e-02 7.3246e-13 3.7379e-05 1.4376e-07 6.5369e-06 3.6309e-06
3.0723e+01 9.7580e+00 1.7643e-02 9.4028e-13 3.7431e-05 1.4079e-07 6.5701e-06 3.6581e-06
3.2340e+01 9.2701e+00 1.9571e-02 4.3445e-13 3.7545e-05 1.4394e-07 6.5973e-06 3.6471e-06
3.3957e+01 8.8287e+00 2.1602e-02 1.7930e-13 3.7627e-05 1.4831e-07 6.5835e-06 3.6213e-06
3.5574e+01 8.4274e+00 2.3738e-02 8.1371e-13 3.7647e-05 1.4753e-07 6.5655e-06 3.6262e-06
3.7191e+01 8.0610e+00 2.5978e-02 1.2168e-12 3.7697e-05 1.4582e-07 6.5833e-06 3.6441e-06
3.8808e+01 7.7251e+00 2.8324e-02 5.4673e-13 3.7814e-05 1.4942e-07 6.6082e-06 3.6323e-06
4.0425e+01 7.4161e+00 3.0776e-02 7.6488e-14 3.7911e-05 1.5442e-07 6.5990e-06 3.6058e-06
4.2042e+01 7.1309e+00 3.3336e-02 8.9475e-13 3.7940e-05 1.5445e-07 6.5782e-06 3.6066e-06
4.3659e+01 6.8668e+00 3.6004e-02 1.5908e-12 3.7983e-05 1.5286e-07 6.5890e-06 3.6236e-06
4.5276e+01 6.6215e+00 3.8781e-02 7.8572e-13 3.8097e-05 1.5604e-07 6.6162e-06 3.6166e-06
4.6892e+01 6.3932e+00 4.1667e-02 8.5621e-15 3.8206e-05 1.6107e-07 6.6160e-06 3.5942e-06
4.8509e+01 6.1801e+00 4.4664e-02 9.7591e-13 3.8244e-05 1.6142e-07 6.5980e-06 3.5954e-06
5.0126e+01 5.9807e+00 4.7774e-02 2.0708e-12 3.8281e-05 1.5947e-07 6.6061e-06 3.6150e-06
5.1743e+01 5.7938e+00 5.0996e-02 1.1955e-12 3.8389e-05 1.6185e-07 6.6369e-06 3.6149e-06
5.3360e+01 5.6183e+00 5.4331e-02 1.8797e-14 3.8509e-05 1.6667e-07 6.6469e-06 3.5979e-06
5.4977e+01 5.4530e+00 5.7782e-02 1.0648e-12 3.8559e-05 1.6722e-07 6.6344e-06 3.6011e-06
5.6594e+01 5.2972e+00 6.1349e-02 2.6620e-12 3.8593e-05 1.6485e-07 6.6416e-06 3.6240e-06
5.8211e+01 5.1501e+00 6.5033e-02 1.8209e-12 3.8697e-05 1.6633e-07 6.6757e-06 3.6308e-06
5.9828e+01 5.0109e+00 6.8835e-02 1.6228e-13 3.8827e-05 1.7085e-07 6.6955e-06 3.6192e-06
6.1445e+01 4.8790e+00 7.2757e-02 1.1791e-12 3.8892e-05 1.7166e-07 6.6895e-06 3.6241e-06
6.3062e+01 4.7539e+00 7.6799e-02 3.3683e-12 3.8927e-05 1.6899e-07 6.6965e-06 3.6500e-06
6.4679e+01 4.6351e+00 8.0964e-02 2.7055e-12 3.9026e-05 1.6960e-07 6.7326e-06 3.6629e-06
6.6296e+01 4.5220e+00 8.5251e-02 5.0523e-13 3.9166e-05 1.7383e-07 6.7612e-06 3.6560e-06
6.7913e+01 4.4143e+00 8.9663e-02 1.3486e-12 3.9249e-05 1.7501e-07 6.7619e-06 3.6621e-06
6.9530e+01 4.3117e+00 9.4202e-02 4.1934e-12 3.9288e-05 1.7221e-07 6.7688e-06 3.6900e-06
7.1147e+01 4.2137e+00 9.8867e-02 3.8903e-12 3.9383e-05 1.7204e-07 6.8059e-06 3.7082e-06
7.2764e+01 4.1201e+00 1.0366e-01 1.1239e-12 3.9532e-05 1.7598e-07 6.8418e-06 3.7053e-06
7.4381e+01 4.0305e+00 1.0859e-01 1.6182e-12 3.9634e-05 1.7760e-07 6.8493e-06 3.7118e-06
7.5998e+01 3.9447e+00 1.1364e-01 5.1439e-12 3.9681e-05 1.7487e-07 6.8563e-06 3.7409e-06
7.7615e+01 3.8626e+00 1.1883e-01 5.4129e-12 3.9773e-05 1.7403e-07 6.8931e-06 3.7635e-06
7.9232e+01 3.7837e+00 1.2415e-01 2.1030e-12 3.9929e-05 1.7766e-07 6.9351e-06 3.7642e-06
8.0849e+01 3.7080e+00 1.2961e-01 2.0492e-12 4.0051e-05 1.7980e-07 6.9493e-06 3.7706e-06
8.2466e+01 3.6353e+00 1.3521e-01 6.2318e-12 4.0109e-05 1.7731e-07 6.9567e-06 3.8000e-06
8.4083e+01 3.5654e+00 1.4095e-01 7.3066e-12 4.0198e-05 1.7590e-07 6.9923e-06 3.8263e-06
8.5700e+01 3.4982e+00 1.4683e-01 3.5337e-12 4.0360e-05 1.7921e-07 7.0389e-06 3.8303e-06
8.7317e+01 3.4334e+00 1.5285e-01 2.7212e-12 4.0502e-05 1.8187e-07 7.0598e-06 3.8362e-06
8.8934e+01 3.3710e+00 1.5901e-01 7.4782e-12 4.0574e-05 1.7978e-07 7.0680e-06 3.8652e-06
9.0551e+01 3.3108e+00 1.6532e-01 9.6010e-12 4.0662e-05 1.7791e-07 7.1017e-06 3.8947e-06
9.2168e+01 3.2527e+00 1.7178e-01 5.5114e-12 4.0827e-05 1.8085e-07 7.1519e-06 3.9018e-06
9.3785e+01 3.1966e+00 1.7838e-01 3.7326e-12 4.0988e-05 1.8403e-07 7.1793e-06 3.9073e-06
9.5402e+01 3.1424e+00 1.8514e-01 8.9166e-12 4.1075e-05 1.8245e-07 7.1889e-06 3.9354e-06
9.7019e+01 3.0900e+00 1.9205e-01 1.2322e-11 4.1163e-05 1.8023e-07 7.2205e-06 3.9675e-06
9.8636e+01 3.0394e+00 1.9912e-01 8.1337e-12 4.1329e-05 1.8275e-07 7.2731e-06 3.9778e-06
1.0025e+02 2.9904e+00 2.0634e-01 5.2012e-12 4.1508e-05 1.8639e-07 7.3069e-06 3.9828e-06
1.0187e+02 2.9429e+00 2.1372e-01 1.0597e-11 4.1614e-05 1.8543e-07 7.3186e-06 4.0096e-06
1.0349e+02 2.8969e+00 2.2126e-01 1.5496e-11 4.1703e-05 1.8297e-07 7.3477e-06 4.0439e-06
1.0510e+02 2.8523e+00 2.2897e-01 1.1498e-11 4.1868e-05 1.8503e-07 7.4018e-06 4.0576e-06
1.0672e+02 2.8091e+00 2.3683e-01 7.2635e-12 4.2063e-05 1.8905e-07 7.4419e-06 4.0624e-06
1.0834e+02 2.7672e+00 2.4487e-01 1.2590e-11 4.2188e-05 1.8878e-07 7.4563e-06 4.0875e-06
1.0995e+02 2.7265e+00 2.5307e-01 1.9147e-11 4.2280e-05 1.8619e-07 7.4832e-06 4.1237e-06
1.1157e+02 2.6870e+00 2.6144e-01 1.5698e-11 4.2443e-05 1.8774e-07 7.5379e-06 4.1408e-06
1.1319e+02 2.6486e+00 2.6998e-01 1.0073e-11 4.2651e-05 1.9206e-07 7.5838e-06 4.1457e-06
1.1481e+02 2.6113e+00 2.7870e-01 1.4990e-11 4.2796e-05 1.9253e-07 7.6019e-06 4.1691e-06
1.1642e+02 2.5750e+00 2.8759e-01 2.3307e-11 4.2894e-05 1.8992e-07 7.6267e-06 4.2066e-06
1.1804e+02 2.5398e+00 2.9666e-01 2.0825e-11 4.3054e-05 1.9093e-07 7.6812e-06 4.2274e-06
1.1966e+02 2.5054e+00 3.0592e-01 1.3801e-11 4.3272e-05 1.9544e-07 7.7327e-06 4.2329e-06
1.2127e+02 2.4720e+00 3.1535e-01 1.7918e-11 4.3438e-05 1.9668e-07 7.7550e-06 4.2543e-06
1.2289e+02 2.4395e+00 3.2497e-01 2.8015e-11 4.3543e-05 1.9417e-07 7.7783e-06 4.2929e-06
1.2451e+02 2.4078e+00 3.3477e-01 2.6964e-11 4.3698e-05 1.9463e-07 7.8319e-06 4.3174e-06
1.2612e+02 2.3770e+00 3.4476e-01 1.8627e-11 4.3924e-05 1.9920e-07 7.8885e-06 4.3239e-06
1.2774e+02 2.3469e+00 3.5494e-01 2.1525e-11 4.4111e-05 2.0122e-07 7.9158e-06 4.3435e-06
1.2936e+02 2.3175e+00 3.6532e-01 3.3322e-11 4.4226e-05 1.9893e-07 7.9381e-06 4.3826e-06
1.3098e+02 2.2889e+00 3.7589e-01 3.4195e-11 4.4377e-05 1.9884e-07 7.9902e-06 4.4108e-06
1.3259e+02 2.2610e+00 3.8666e-01 2.4745e-11 4.4607e-05 2.0335e-07 8.0513e-06 4.4190e-06
1.3421e+02 2.2338e+00 3.9762e-01 2.5994e-11 4.4814e-05 2.0614e-07 8.0841e-06 4.4368e-06
1.3583e+02 2.2072e+00 4.0879e-01 3.9300e-11 4.4942e-05 2.0418e-07 8.1061e-06 4.4760e-06
1.3744e+02 2.1812e+00 4.2016e-01 4.2593e-11 4.5088e-05 2.0356e-07 8.1563e-06 4.5080e-06
1.3906e+02 2.1558e+00 4.3174e-01 3.2353e-11 4.5320e-05 2.0790e-07 8.2212e-06 4.5183e-06
1.4068e+02 2.1311e+00 4.4352e-01 3.1539e-11 4.5545e-05 2.1141e-07 8.2600e-06 4.5344e-06
1.4229e+02 2.1068e+00 4.5551e-01 4.6044e-11 4.5688e-05 2.0991e-07 8.2825e-06 4.5733e-06
1.4391e+02 2.0832e+00 4.6772e-01 5.2231e-11 4.5831e-05 2.0881e-07 8.3305e-06 4.6089e-06
1.4553e+02 2.0600e+00 4.8014e-01 4.1651e-11 4.6061e-05 2.1284e-07 8.3984e-06 4.6219e-06
1.4715e+02 2.0374e+00 4.9277e-01 3.8407e-11 4.6303e-05 2.1702e-07 8.4436e-06 4.6366e-06
1.4876e+02 2.0152e+00 5.0563e-01 5.3680e-11 4.6462e-05 2.1609e-07 8.4674e-06 4.6749e-06
1.5038e+02 1.9936e+00 5.1870e-01 6.3178e-11 4.6604e-05 2.1458e-07 8.5129e-06 4.7139e-06
1.5200e+02 1.9724e+00 5.3200e-01 5.2841e-11 4.6830e-05 2.1820e-07 8.5832e-06 4.7299e-06
1.5361e+02 1.9516e+00 5.4552e-01 4.6877e-11 4.7087e-05 2.2296e-07 8.6349e-06 4.7437e-06
1.5523e+02 1.9313e+00 5.5927e-01 6.2368e-11 4.7264e-05 2.2270e-07 8.6608e-06 4.7808e-06
1.5685e+02 1.9114e+00 5.7325e-01 7.5512e-11 4.7405e-05 2.2087e-07 8.7040e-06 4.8229e-06
1.5846e+02 1.8919e+00 5.8747e-01 6.6116e-11 4.7626e-05 2.2399e-07 8.7757e-06 4.8425e-06
1.6008e+02 1.8728e+00 6.0191e-01 5.7254e-11 4.7895e-05 2.2922e-07 8.8339e-06 4.8556e-06
1.6170e+02 1.8540e+00 6.1659e-01 7.2310e-11 4.8091e-05 2.2971e-07 8.8630e-06 4.8914e-06
1.6332e+02 1.8357e+00 6.3151e-01 8.9315e-11 4.8234e-05 2.2767e-07 8.9038e-06 4.9362e-06
1.6493e+02 1.8177e+00 6.4667e-01 8.1666e-11 4.8448e-05 2.3021e-07 8.9762e-06 4.9597e-06
1.6655e+02 1.8000e+00 6.6207e-01 6.9869e-11 4.8725e-05 2.3580e-07 9.0407e-06 4.9727e-06
1.6817e+02 1.7827e+00 6.7772e-01 8.3755e-11 4.8941e-05 2.3712e-07 9.0737e-06 5.0068e-06
1.6978e+02 1.7657e+00 6.9361e-01 1.0469e-10 4.9089e-05 2.3500e-07 9.1126e-06 5.0539e-06
1.7140e+02 1.7491e+00 7.0975e-01 9.9669e-11 4.9294e-05 2.3691e-07 9.1848e-06 5.0816e-06
1.7302e+02 1.7327e+00 7.2614e-01 8.5075e-11 4.9576e-05 2.4272e-07 9.2553e-06 5.0950e-06
1.7463e+02 1.7167e+00 7.4278e-01 9.6997e-11 4.9812e-05 2.4491e-07 9.2931e-06 5.1272e-06
1.7625e+02 1.7009e+00 7.5968e-01 1.2175e-10 4.9967e-05 2.4285e-07 9.3304e-06 5.1761e-06
1.7787e+02 1.6855e+00 7.7683e-01 1.2030e-10 5.0163e-05 2.4410e-07 9.4017e-06 5.2082e-06
1.7949e+02 1.6703e+00 7.9424e-01 1.0324e-10 5.0448e-05 2.4999e-07 9.4778e-06 5.2225e-06
1.8110e+02 1.6554e+00 8.1191e-01 1.1239e-10 5.0703e-05 2.5307e-07 9.5211e-06 5.2527e-06
1.8272e+02 1.6407e+00 8.2985e-01 1.4066e-10 5.0867e-05 2.5122e-07 9.5573e-06 5.3028e-06
1.8434e+02 1.6263e+00 8.4805e-01 1.4371e-10 5.1055e-05 2.5180e-07 9.6270e-06 5.3393e-06
1.8595e+02 1.6122e+00 8.6651e-01 1.2473e-10 5.1338e-05 2.5764e-07 9.7081e-06 5.3552e-06
1.8757e+02 1.5983e+00 8.8524e-01 1.3032e-10 5.1610e-05 2.6159e-07 9.7575e-06 5.3833e-06
1.8919e+02 1.5846e+00 9.0424e-01 1.6160e-10 5.1787e-05 2.6011e-07 9.7934e-06 5.4341e-06
1.9080e+02 1.5712e+00 9.2351e-01 1.7006e-10 5.1966e-05 2.6006e-07 9.8610e-06 5.4751e-06
1.9242e+02 1.5580e+00 9.4306e-01 1.4993e-10 5.2245e-05 2.6568e-07 9.9462e-06 5.4930e-06
1.9404e+02 1.5450e+00 9.6288e-01 1.5125e-10 5.2533e-05 2.7048e-07 1.0002e-05 5.5193e-06
1.9565e+02 1.5323e+00 9.8297e-01 1.8481e-10 5.2724e-05 2.6952e-07 1.0039e-05 5.5701e-06
1.9727e+02 1.5197e+00 1.0033e+00 1.9951e-10 5.2897e-05 2.6889e-07 1.0104e-05 5.6154e-06
1.9889e+02 1.5073e+00 1.0240e+00 1.7922e-10 5.3167e-05 2.7417e-07 1.0192e-05 5.6360e-06
2.0051e+02 1.4952e+00 1.0449e+00 1.7567e-10 5.3468e-05 2.7975e-07 1.0255e-05 5.6605e-06
2.0212e+02 1.4832e+00 1.0661e+00 2.1059e-10 5.3676e-05 2.7945e-07 1.0293e-05 5.7108e-06
2.0374e+02 1.4714e+00 1.0876e+00 2.3220e-10 5.3844e-05 2.7834e-07 1.0355e-05 5.7602e-06
2.0536e+02 1.4599e+00 1.1094e+00 2.1295e-10 5.4104e-05 2.8313e-07 1.0446e-05 5.7840e-06
2.0697e+02 1.4485e+00 1.1315e+00 2.0413e-10 5.4415e-05 2.8940e-07 1.0516e-05 5.8070e-06
2.0859e+02 1.4372e+00 1.1539e+00 2.3929e-10 5.4640e-05 2.8990e-07 1.0556e-05 5.8562e-06
2.1021e+02 1.4262e+00 1.1765e+00 2.6830e-10 5.4806e-05 2.8842e-07 1.0615e-05 5.9093e-06
2.1182e+02 1.4153e+00 1.1994e+00 2.5147e-10 5.5053e-05 2.9262e-07 1.0708e-05 5.9369e-06
2.1344e+02 1.4046e+00 1.2227e+00 2.3720e-10 5.5371e-05 2.9946e-07 1.0785e-05 5.9588e-06
2.1506e+02 1.3940e+00 1.2462e+00 2.7133e-10 5.5614e-05 3.0088e-07 1.0828e-05 6.0064e-06
2.1668e+02 1.3836e+00 1.2700e+00 3.0799e-10 5.5780e-05 2.9916e-07 1.0884e-05 6.0627e-06
2.1829e+02 1.3734e+00 1.2941e+00 2.9512e-10 5.6014e-05 3.0269e-07 1.0977e-05 6.0945e-06
2.1991e+02 1.3633e+00 1.3185e+00 2.7549e-10 5.6334e-05 3.0996e-07 1.1061e-05 6.1158e-06
2.2153e+02 1.3533e+00 1.3432e+00 3.0722e-10 5.6596e-05 3.1238e-07 1.1109e-05 6.1614e-06
2.2314e+02 1.3435e+00 1.3682e+00 3.5148e-10 5.6764e-05 3.1059e-07 1.1162e-05 6.2203e-06
2.2476e+02 1.3338e+00 1.3935e+00 3.4421e-10 5.6983e-05 3.1338e-07 1.1254e-05 6.2566e-06
2.2638e+02 1.3243e+00 1.4191e+00 3.1962e-10 5.7302e-05 3.2094e-07 1.1345e-05 6.2778e-06
2.2799e+02 1.3149e+00 1.4450e+00 3.4751e-10 5.7581e-05 3.2441e-07 1.1398e-05 6.3211e-06
2.2961e+02 1.3057e+00 1.4712e+00 3.9902e-10 5.7756e-05 3.2273e-07 1.1449e-05 6.3820e-06
2.3123e+02 1.2965e+00 1.4977e+00 3.9901e-10 5.7959e-05 3.2476e-07 1.1539e-05 6.4230e-06
2.3285e+02 1.2875e+00 1.5245e+00 3.7024e-10 5.8272e-05 3.3242e-07 1.1636e-05 6.4448e-06
2.3446e+02 1.2786e+00 1.5516e+00 3.9287e-10 5.8568e-05 3.3698e-07 1.1694e-05 6.4854e-06
2.3608e+02 1.2699e+00 1.5790e+00 4.5092e-10 5.8751e-05 3.3561e-07 1.1744e-05 6.5477e-06
2.3770e+02 1.2612e+00 1.6067e+00 4.5979e-10 5.8941e-05 3.3687e-07 1.1832e-05 6.5936e-06
2.3931e+02 1.2527e+00 1.6347e+00 4.2798e-10 5.9244e-05 3.4447e-07 1.1934e-05 6.6166e-06
2.4093e+02 1.2443e+00 1.6630e+00 4.4402e-10 5.9553e-05 3.5011e-07 1.1999e-05 6.6545e-06
2.4255e+02 1.2360e+00 1.6915e+00 5.0754e-10 5.9748e-05 3.4923e-07 1.2047e-05 6.7174e-06
2.4416e+02 1.2278e+00 1.7204e+00 5.2681e-10 5.9924e-05 3.4977e-07 1.2133e-05 6.7680e-06
2.4578e+02 1.2198e+00 1.7496e+00 4.9346e-10 6.0215e-05 3.5714e-07 1.2239e-05 6.7929e-06
2.4740e+02 1.2118e+00 1.7791e+00 5.0173e-10 6.0535e-05 3.6382e-07 1.2311e-05 6.8281e-06
2.4902e+02 1.2039e+00 1.8089e+00 5.6931e-10 6.0743e-05 3.6362e-07 1.2359e-05 6.8908e-06
2.5063e+02 1.1961e+00 1.8390e+00 6.0030e-10 6.0908e-05 3.6352e-07 1.2441e-05 6.9461e-06
2.5225e+02 1.1885e+00 1.8694e+00 5.6726e-10 6.1182e-05 3.7048e-07 1.2551e-05 6.9735e-06
2.5387e+02 1.1809e+00 1.9001e+00 5.6687e-10 6.1509e-05 3.7813e-07 1.2630e-05 7.0061e-06
2.5548e+02 1.1734e+00 1.9311e+00 6.3677e-10 6.1732e-05 3.7879e-07 1.2679e-05 7.0680e-06
2.5710e+02 1.1661e+00 1.9624e+00 6.8050e-10 6.1889e-05 3.7816e-07 1.2757e-05 7.1276e-06
2.5872e+02 1.1588e+00 1.9940e+00 6.4995e-10 6.2143e-05 3.8457e-07 1.2869e-05 7.1581e-06
2.6033e+02 1.1516e+00 2.0259e+00 6.4034e-10 6.2474e-05 3.9307e-07 1.2956e-05 7.1885e-06
2.6195e+02 1.1445e+00 2.0580e+00 7.1052e-10 6.2713e-05 3.9476e-07 1.3007e-05 7.2487e-06
2.6357e+02 1.1374e+00 2.0905e+00 7.6766e-10 6.2864e-05 3.9375e-07 1.3080e-05 7.3123e-06
2.6519e+02 1.1305e+00 2.1232e+00 7.4206e-10 6.3097e-05 3.9947e-07 1.3193e-05 7.3465e-06
2.6680e+02 1.1237e+00 2.1563e+00 7.2305e-10 6.3427e-05 4.0869e-07 1.3287e-05 7.3750e-06
2.6842e+02 1.1169e+00 2.1896e+00 7.9127e-10 6.3681e-05 4.1154e-07 1.3341e-05 7.4330e-06
2.7004e+02 1.1102e+00 2.2232e+00 8.6206e-10 6.3829e-05 4.1033e-07 1.3410e-05 7.4999e-06
2.7165e+02 1.1036e+00 2.2571e+00 8.4404e-10 6.4040e-05 4.1526e-07 1.3523e-05 7.5384e-06
2.7327e+02 1.0971e+00 2.2913e+00 8.1598e-10 6.4364e-05 4.2503e-07 1.3625e-05 7.5655e-06
2.7489e+02 1.0906e+00 2.3258e+00 8.7986e-10 6.4634e-05 4.2915e-07 1.3683e-05 7.6206e-06
2.7650e+02 1.0842e+00 2.3605e+00 9.6401e-10 6.4783e-05 4.2794e-07 1.3748e-05 7.6902e-06
2.7812e+02 1.0779e+00 2.3955e+00 9.5631e-10 6.4971e-05 4.3202e-07 1.3859e-05 7.7333e-06
2.7974e+02 1.0717e+00 2.4308e+00 9.2008e-10 6.5284e-05 4.4215e-07 1.3968e-05 7.7596e-06
2.8135e+02 1.0655e+00 2.4664e+00 9.7718e-10 6.5568e-05 4.4762e-07 1.4031e-05 7.8115e-06
2.8297e+02 1.0594e+00 2.5022e+00 1.0739e-09 6.5721e-05 4.4663e-07 1.4092e-05 7.8830e-06
2.8459e+02 1.0534e+00 2.5383e+00 1.0792e-09 6.5886e-05 4.4983e-07 1.4201e-05 7.9310e-06
2.8621e+02 1.0475e+00 2.5747e+00 1.0363e-09 6.6184e-05 4.6011e-07 1.4316e-05 7.9572e-06
2.8782e+02 1.0416e+00 2.6113e+00 1.0842e-09 6.6479e-05 4.6697e-07 1.4385e-05 8.0054e-06
2.8944e+02 1.0358e+00 2.6482e+00 1.1921e-09 6.6639e-05 4.6644e-07 1.4443e-05 8.0780e-06
2.9106e+02 1.0300e+00 2.6853e+00 1.2131e-09 6.6783e-05 4.6876e-07 1.4548e-05 8.1310e-06
2.9267e+02 1.0243e+00 2.7227e+00 1.1655e-09 6.7061e-05 4.7899e-07 1.4669e-05 8.1579e-06
2.9429e+02 1.0187e+00 2.7603e+00 1.2022e-09 6.7365e-05 4.8722e-07 1.4745e-05 8.2023e-06
2.9591e+02 1.0131e+00 2.7982e+00 1.3192e-09 6.7534e-05 4.8739e-07 1.4801e-05 8.2750e-06
2.9752e+02 1.0076e+00 2.8363e+00 1.3583e-09 6.7659e-05 4.8891e-07 1.4901e-05 8.3330e-06
2.9914e+02 1.0022e+00 2.8747e+00 1.3085e-09 6.7913e-05 4.9886e-07 1.5026e-05 8.3613e-06
3.0076e+02 9.9679e-01 2.9133e+00 1.3321e-09 6.8221e-05 5.0843e-07 1.5109e-05 8.4019e-06
3.0238e+02 9.9146e-01 2.9521e+00 1.4558e-09 6.8402e-05 5.0953e-07 1.5164e-05 8.4738e-06
3.0399e+02 9.8618e-01 2.9912e+00 1.5149e-09 6.8511e-05 5.1034e-07 1.5259e-05 8.5366e-06
3.0561e+02 9.8097e-01 3.0304e+00 1.4662e-09 6.8737e-05 5.1983e-07 1.5387e-05 8.5671e-06
3.0723e+02 9.7580e-01 3.0699e+00 1.4753e-09 6.9045e-05 5.3062e-07 1.5478e-05 8.6039e-06
3.0884e+02 9.7069e-01 3.1096e+00 1.6026e-09 6.9239e-05 5.3289e-07 1.5533e-05 8.6742e-06
3.1046e+02 9.6564e-01 3.1496e+00 1.6832e-09 6.9335e-05 5.3314e-07 1.5621e-05 8.7414e-06
3.1208e+02 9.6063e-01 3.1897e+00 1.6392e-09 6.9532e-05 5.4197e-07 1.5751e-05 8.7748e-06
3.1369e+02 9.5568e-01 3.2300e+00 1.6331e-09 6.9835e-05 5.5386e-07 1.5851e-05 8.8083e-06
3.1531e+02 9.5078e-01 3.2705e+00 1.7605e-09 7.0042e-05 5.5750e-07 1.5906e-05 8.8760e-06
3.1693e+02 9.4593e-01 3.3113e+00 1.8634e-09 7.0128e-05 5.5738e-07 1.5989e-05 8.9470e-06
3.1855e+02 9.4113e-01 3.3522e+00 1.8281e-09 7.0294e-05 5.6540e-07 1.6119e-05 8.9840e-06
3.2016e+02 9.3638e-01 3.3932e+00 1.8066e-09 7.0586e-05 5.7821e-07 1.6226e-05 9.0145e-06
3.2178e+02 9.3167e-01 3.4345e+00 1.9305e-09 7.0807e-05 5.8340e-07 1.6284e-05 9.0789e-06
3.2340e+02 9.2701e-01 3.4759e+00 2.0558e-09 7.0887e-05 5.8313e-07 1.6361e-05 9.1531e-06
3.2501e+02 9.2240e-01 3.5175e+00 2.0334e-09 7.1021e-05 5.9023e-07 1.6489e-05 9.1943e-06
3.2663e+02 9.1783e-01 3.5593e+00 1.9972e-09 7.1297e-05 6.0374e-07 1.6605e-05 9.2224e-06
3.2825e+02 9.1331e-01 3.6012e+00 2.1136e-09 7.1529e-05 6.1061e-07 1.6667e-05 9.2827e-06
3.2986e+02 9.0884e-01 3.6433e+00 2.2606e-09 7.1608e-05 6.1047e-07 1.6737e-05 9.3593e-06
3.3148e+02 9.0440e-01 3.6855e+00 2.2554e-09 7.1711e-05 6.1656e-07 1.6862e-05 9.4051e-06
3.3310e+02 9.0001e-01 3.7278e+00 2.2061e-09 7.1965e-05 6.3055e-07 1.6985e-05 9.4315e-06
3.3472e+02 8.9566e-01 3.7703e+00 2.3111e-09 7.2207e-05 6.3918e-07 1.7052e-05 9.4872e-06
3.3633e+02 8.9136e-01 3.8129e+00 2.4781e-09 7.2288e-05 6.3946e-07 1.7117e-05 9.5653e-06
3.3795e+02 8.8709e-01 3.8556e+00 2.4944e-09 7.2360e-05 6.4452e-07 1.7238e-05 9.6160e-06
3.3957e+02 8.8287e-01 3.8984e+00 2.4345e-09 7.2588e-05 6.5871e-07 1.7368e-05 9.6414e-06
3.4118e+02 8.7868e-01 3.9414e+00 2.5243e-09 7.2836e-05 6.6917e-07 1.7440e-05 9.6921e-06
3.4280e+02 8.7454e-01 3.9844e+00 2.7089e-09 7.2922e-05 6.7016e-07 1.7500e-05 9.7707e-06
3.4442e+02 8.7043e-01 4.0275e+00 2.7506e-09 7.2967e-05 6.7421e-07 1.7616e-05 9.8264e-06
3.4603e+02 8.6637e-01 4.0708e+00 2.6833e-09 7.3164e-05 6.8835e-07 1.7751e-05 9.8518e-06
3.4765e+02 8.6234e-01 4.1140e+00 2.7547e-09 7.3413e-05 7.0061e-07 1.7831e-05 9.8973e-06
3.4927e+02 8.5834e-01 4.1574e+00 2.9534e-09 7.3508e-05 7.0263e-07 1.7886e-05 9.9752e-06
3.5089e+02 8.5439e-01 4.2009e+00 3.0239e-09 7.3528e-05 7.0576e-07 1.7995e-05 1.0036e-05
3.5250e+02 8.5047e-01 4.2443e+00 2.9536e-09 7.3690e-05 7.1959e-07 1.8134e-05 1.0062e-05
3.5412e+02 8.4659e-01 4.2879e+00 3.0037e-09 7.3937e-05 7.3358e-07 1.8222e-05 1.0102e-05
3.5574e+02 8.4274e-01 4.3315e+00 3.2122e-09 7.4042e-05 7.3693e-07 1.8275e-05 1.0178e-05
3.5735e+02 8.3892e-01 4.3751e+00 3.3144e-09 7.4041e-05 7.3928e-07 1.8377e-05 1.0244e-05
3.5897e+02 8.3515e-01 4.4188e+00 3.2459e-09 7.4165e-05 7.5254e-07 1.8518e-05 1.0272e-05
3.6059e+02 8.3140e-01 4.4624e+00 3.2727e-09 7.4404e-05 7.6814e-07 1.8615e-05 1.0307e-05
3.6220e+02 8.2769e-01 4.5061e+00 3.4862e-09 7.4520e-05 7.7312e-07 1.8667e-05 1.0380e-05
3.6382e+02 8.2401e-01 4.5498e+00 3.6220e-09 7.4503e-05 7.7490e-07 1.8759e-05 1.0450e-05
3.6544e+02 8.2036e-01 4.5935e+00 3.5610e-09 7.4588e-05 7.8736e-07 1.8902e-05 1.0481e-05
3.6706e+02 8.1675e-01 4.6372e+00 3.5634e-09 7.4811e-05 8.0439e-07 1.9007e-05 1.0511e-05
3.6867e+02 8.1317e-01 4.6809e+00 3.7763e-09 7.4940e-05 8.1125e-07 1.9059e-05 1.0580e-05
3.7029e+02 8.0962e-01 4.7245e+00 3.9466e-09 7.4911e-05 8.1271e-07 1.9143e-05 1.0654e-05
3.7191e+02 8.0610e-01 4.7681e+00 3.8992e-09 7.4955e-05 8.2420e-07 1.9285e-05 1.0688e-05
3.7352e+02 8.0261e-01 4.8117e+00 3.8772e-09 7.5159e-05 8.4241e-07 1.9399e-05 1.0714e-05
3.7514e+02 7.9915e-01 4.8552e+00 4.0836e-09 7.5298e-05 8.5138e-07 1.9453e-05 1.0778e-05
3.7676e+02 7.9572e-01 4.8987e+00 4.2882e-09 7.5262e-05 8.5284e-07 1.9528e-05 1.0855e-05
3.7837e+02 7.9232e-01 4.9421e+00 4.2607e-09 7.5266e-05 8.6320e-07 1.9667e-05 1.0892e-05
3.7999e+02 7.8895e-01 4.9854e+00 4.2155e-09 7.5443e-05 8.8233e-07 1.9790e-05 1.0915e-05
3.8161e+02 7.8560e-01 5.0286e+00 4.4092e-09 7.5591e-05 8.9358e-07 1.9847e-05 1.0974e-05
3.8322e+02 7.8229e-01 5.0718e+00 4.6465e-09 7.5554e-05 8.9538e-07 1.9914e-05 1.1052e-05
3.8484e+02 7.7900e-01 5.1148e+00 4.6454e-09 7.5519e-05 9.0453e-07 2.0048e-05 1.1095e-05
3.8646e+02 7.7574e-01 5.1578e+00 4.5795e-09 7.5664e-05 9.2428e-07 2.0179e-05 1.1114e-05
3.8808e+02 7.7251e-01 5.2006e+00 4.7545e-09 7.5818e-05 9.3791e-07 2.0241e-05 1.1167e-05
3.8969e+02 7.6930e-01 5.2433e+00 5.0216e-09 7.5783e-05 9.4044e-07 2.0300e-05 1.1246e-05
3.9131e+02 7.6613e-01 5.2859e+00 5.0531e-09 7.5712e-05 9.4837e-07 2.0427e-05 1.1293e-05
3.9293e+02 7.6297e-01 5.3283e+00 4.9703e-09 7.5821e-05 9.6839e-07 2.0565e-05 1.1311e-05
3.9454e+02 7.5985e-01 5.3706e+00 5.1209e-09 7.5976e-05 9.8445e-07 2.0634e-05 1.1358e-05
3.9616e+02 7.5674e-01 5.4127e+00 5.4137e-09 7.5947e-05 9.8812e-07 2.0686e-05 1.1436e-05
3.9778e+02 7.5367e-01 5.4546e+00 5.4835e-09 7.5844e-05 9.9487e-07 2.0806e-05 1.1488e-05
3.9939e+02 7.5062e-01 5.4964e+00 5.3889e-09 7.5911e-05 1.0148e-06 2.0949e-05 1.1505e-05
4.0101e+02 7.4759e-01 5.5380e+00 5.5100e-09 7.6063e-05 1.0333e-06 2.1025e-05 1.1545e-05
4.0263e+02 7.4459e-01 5.5793e+00 5.8229e-09 7.6043e-05 1.0385e-06 2.1072e-05 1.1622e-05
4.0425e+02 7.4161e-01 5.6205e+00 5.9358e-09 7.5913e-05 1.0442e-06 2.1182e-05 1.1679e-05
4.0586e+02 7.3866e-01 5.6615e+00 5.8358e-09 7.5936e-05 1.0638e-06 2.1329e-05 1.1696e-05
4.0748e+02 7.3572e-01 5.7022e+00 5.9234e-09 7.6078e-05 1.0846e-06 2.1415e-05 1.1729e-05
4.0910e+02 7.3282e-01 5.7427e+00 6.2497e-09 7.6070e-05 1.0917e-06 2.1457e-05 1.1803e-05
4.1071e+02 7.2993e-01 5.7830e+00 6.4094e-09 7.5917e-05 1.0966e-06 2.1557e-05 1.1865e-05
4.1233e+02 7.2707e-01 5.8230e+00 6.3115e-09 7.5894e-05 1.1154e-06 2.1706e-05 1.1883e-05
4.1395e+02 7.2423e-01 5.8628e+00 6.3625e-09 7.6021e-05 1.1383e-06 2.1801e-05 1.1909e-05
4.1556e+02 7.2141e-01 5.9023e+00 6.6944e-09 7.6024e-05 1.1478e-06 2.1841e-05 1.1979e-05
4.1718e+02 7.1861e-01 5.9415e+00 6.9036e-09 7.5855e-05 1.1522e-06 2.1930e-05 1.2045e-05
4.1880e+02 7.1584e-01 5.9804e+00 6.8160e-09 7.5784e-05 1.1700e-06 2.2079e-05 1.2066e-05
4.2042e+02 7.1309e-01 6.0191e+00 6.8288e-09 7.5890e-05 1.1948e-06 2.2185e-05 1.2085e-05
4.2203e+02 7.1035e-01 6.0574e+00 7.1580e-09 7.5905e-05 1.2069e-06 2.2224e-05 1.2150e-05
4.2365e+02 7.0764e-01 6.0954e+00 7.4173e-09 7.5726e-05 1.2111e-06 2.2301e-05 1.2219e-05
4.2527e+02 7.0495e-01 6.1331e+00 7.3490e-09 7.5608e-05 1.2277e-06 2.2449e-05 1.2243e-05
4.2688e+02 7.0228e-01 6.1705e+00 7.3239e-09 7.5685e-05 1.2540e-06 2.2564e-05 1.2257e-05
4.2850e+02 6.9963e-01 6.2075e+00 7.6411e-09 7.5712e-05 1.2691e-06 2.2605e-05 1.2316e-05
4.3012e+02 6.9700e-01 6.2442e+00 7.9498e-09 7.5528e-05 1.2735e-06 2.2671e-05 1.2387e-05
4.3173e+02 6.9439e-01 6.2806e+00 7.9100e-09 7.5365e-05 1.2887e-06 2.2814e-05 1.2415e-05
4.3335e+02 6.9180e-01 6.3166e+00 7.8487e-09 7.5408e-05 1.3163e-06 2.2939e-05 1.2425e-05
4.3497e+02 6.8923e-01 6.3522e+00 8.1449e-09 7.5442e-05 1.3345e-06 2.2983e-05 1.2476e-05
4.3659e+02 6.8668e-01 6.3874e+00 8.5001e-09 7.5259e-05 1.3397e-06 2.3038e-05 1.2549e-05
4.3820e+02 6.8414e-01 6.4222e+00 8.4980e-09 7.5054e-05 1.3534e-06 2.3175e-05 1.2582e-05
4.3982e+02 6.8163e-01 6.4567e+00 8.4044e-09 7.5057e-05 1.3817e-06 2.3309e-05 1.2587e-05
4.4144e+02 6.7913e-01 6.4907e+00 8.6705e-09 7.5095e-05 1.4032e-06 2.3359e-05 1.2630e-05
4.4305e+02 6.7665e-01 6.5243e+00 9.0676e-09 7.4919e-05 1.4097e-06 2.3404e-05 1.2704e-05
4.4467e+02 6.7419e-01 6.5575e+00 9.1119e-09 7.4676e-05 1.4220e-06 2.3532e-05 1.2741e-05
4.4629e+02 6.7175e-01 6.5903e+00 8.9916e-09 7.4635e-05 1.4506e-06 2.3674e-05 1.2744e-05
4.4790e+02 6.6932e-01 6.6226e+00 9.2193e-09 7.4672e-05 1.4754e-06 2.3732e-05 1.2779e-05
4.4952e+02 6.6692e-01 6.6545e+00 9.6515e-09 7.4506e-05 1.4837e-06 2.3768e-05 1.2851e-05
4.5114e+02 6.6452e-01 6.6859e+00 9.7501e-09 7.4231e-05 1.4946e-06 2.3886e-05 1.2894e-05
4.5276e+02 6.6215e-01 6.7169e+00 9.6106e-09 7.4142e-05 1.5231e-06 2.4034e-05 1.2896e-05
4.5437e+02 6.5980e-01 6.7474e+00 9.7926e-09 7.4173e-05 1.5512e-06 2.4101e-05 1.2922e-05
4.5599e+02 6.5746e-01 6.7774e+00 1.0251e-08 7.4020e-05 1.5619e-06 2.4130e-05 1.2991e-05
4.5761e+02 6.5513e-01 6.8070e+00 1.0411e-08 7.3719e-05 1.5717e-06 2.4236e-05 1.3039e-05
4.5922e+02 6.5283e-01 6.8360e+00 1.0262e-08 7.3580e-05 1.5996e-06 2.4388e-05 1.3041e-05
4.6084e+02 6.5053e-01 6.8646e+00 1.0392e-08 7.3598e-05 1.6308e-06 2.4466e-05 1.3059e-05
4.6246e+02 6.4826e-01 6.8926e+00 1.0867e-08 7.3460e-05 1.6444e-06 2.4490e-05 1.3124e-05
4.6407e+02 6.4600e-01 6.9201e+00 1.1092e-08 7.3140e-05 1.6534e-06 2.4583e-05 1.3177e-05
4.6569e+02 6.4376e-01 6.9471e+00 1.0944e-08 7.2950e-05 1.6804e-06 2.4738e-05 1.3179e-05
4.6731e+02 6.4153e-01 6.9736e+00 1.1018e-08 7.2948e-05 1.7145e-06 2.4827e-05 1.3189e-05
4.6892e+02 6.3932e-01 6.9996e+00 1.1498e-08 7.2827e-05 1.7314e-06 2.4848e-05 1.3249e-05
4.7054e+02 6.3712e-01 7.0250e+00 1.1793e-08 7.2495e-05 1.7401e-06 2.4927e-05 1.3306e-05
4.7216e+02 6.3494e-01 7.0498e+00 1.1657e-08 7.2253e-05 1.7658e-06 2.5082e-05 1.3311e-05
4.7378e+02 6.3277e-01 7.0742e+00 1.1673e-08 7.2225e-05 1.8023e-06 2.5183e-05 1.3313e-05
4.7539e+02 6.3062e-01 7.0979e+00 1.2146e-08 7.2120e-05 1.8232e-06 2.5204e-05 1.3366e-05
4.7701e+02 6.2848e-01 7.1211e+00 1.2509e-08 7.1783e-05 1.8320e-06 2.5269e-05 1.3427e-05
4.7863e+02 6.2636e-01 7.1437e+00 1.2399e-08 7.1492e-05 1.8561e-06 2.5421e-05 1.3435e-05
4.8024e+02 6.2425e-01 7.1657e+00 1.2357e-08 7.1431e-05 1.8947e-06 2.5535e-05 1.3431e-05
4.8186e+02 6.2216e-01 7.1872e+00 1.2809e-08 7.1339e-05 1.9198e-06 2.5558e-05 1.3476e-05
4.8348e+02 6.2007e-01 7.2080e+00 1.3240e-08 7.1004e-05 1.9294e-06 2.5610e-05 1.3539e-05
4.8509e+02 6.1801e-01 7.2283e+00 1.3168e-08 7.0668e-05 1.9518e-06 2.5756e-05 1.3552e-05
4.8671e+02 6.1595e-01 7.2480e+00 1.3071e-08 7.0569e-05 1.9919e-06 2.5882e-05 1.3542e-05
4.8833e+02 6.1392e-01 7.2670e+00 1.3489e-08 7.0487e-05 2.0214e-06 2.5910e-05 1.3579e-05
4.8995e+02 6.1189e-01 7.2855e+00 1.3984e-08 7.0160e-05 2.0326e-06 2.5949e-05 1.3642e-05
4.9156e+02 6.0988e-01 7.3033e+00 1.3962e-08 6.9783e-05 2.0532e-06 2.6088e-05 1.3660e-05
4.9318e+02 6.0788e-01 7.3205e+00 1.3816e-08 6.9640e-05 2.0943e-06 2.6225e-05 1.3646e-05
4.9480e+02 6.0589e-01 7.3371e+00 1.4187e-08 6.9564e-05 2.1285e-06 2.6261e-05 1.3673e-05
4.9641e+02 6.0392e-01 7.3531e+00 1.4738e-08 6.9251e-05 2.1418e-06 2.6287e-05 1.3736e-05
4.9803e+02 6.0196e-01 7.3684e+00 1.4779e-08 6.8839e-05 2.1608e-06 2.6416e-05 1.3760e-05
4.9965e+02 6.0001e-01 7.3831e+00 1.4591e-08 6.8648e-05 2.2023e-06 2.6564e-05 1.3743e-05
5.0126e+02 5.9807e-01 7.3972e+00 1.4904e-08 6.8572e-05 2.2411e-06 2.6609e-05 1.3761e-05
5.0288e+02 5.9615e-01 7.4106e+00 1.5500e-08 6.8277e-05 2.2575e-06 2.6626e-05 1.3822e-05
5.0450e+02 5.9424e-01 7.4234e+00 1.5615e-08 6.7838e-05 2.2751e-06 2.6743e-05 1.3851e-05
5.0612e+02 5.9234e-01 7.4355e+00 1.5396e-08 6.7596e-05 2.3164e-06 2.6898e-05 1.3833e-05
5.0773e+02 5.9045e-01 7.4469e+00 1.5640e-08 6.7513e-05 2.3597e-06 2.6956e-05 1.3841e-05
5.0935e+02 5.8858e-01 7.4578e+00 1.6270e-08 6.7240e-05 2.3799e-06 2.6965e-05 1.3899e-05
5.1097e+02 5.8672e-01 7.4679e+00 1.6467e-08 6.6781e-05 2.3964e-06 2.7068e-05 1.3934e-05
5.1258e+02 5.8487e-01 7.4774e+00 1.6230e-08 6.6487e-05 2.4370e-06 2.7230e-05 1.3915e-05
5.1420e+02 5.8303e-01 7.4862e+00 1.6397e-08 6.6390e-05 2.4846e-06 2.7302e-05 1.3914e-05
5.1582e+02 5.8120e-01 7.4943e+00 1.7046e-08 6.6140e-05 2.5093e-06 2.7306e-05 1.3967e-05
5.1743e+02 5.7938e-01 7.5018e+00 1.7331e-08 6.5669e-05 2.5253e-06 2.7394e-05 1.4007e-05
5.1905e+02 5.7758e-01 7.5086e+00 1.7092e-08 6.5323e-05 2.5647e-06 2.7559e-05 1.3990e-05
5.2067e+02 5.7578e-01 7.5147e+00 1.7175e-08 6.5206e-05 2.6162e-06 2.7647e-05 1.3980e-05
5.2229e+02 5.7400e-01 7.5202e+00 1.7827e-08 6.4979e-05 2.6461e-06 2.7649e-05 1.4026e-05
5.2390e+02 5.7223e-01 7.5250e+00 1.8205e-08 6.4505e-05 2.6623e-06 2.7721e-05 1.4071e-05
5.2552e+02 5.7047e-01 7.5291e+00 1.7978e-08 6.4109e-05 2.7001e-06 2.7887e-05 1.4057e-05
5.2714e+02 5.6872e-01 7.5325e+00 1.7975e-08 6.3965e-05 2.7551e-06 2.7992e-05 1.4038e-05
5.2875e+02 5.6698e-01 7.5352e+00 1.8612e-08 6.3760e-05 2.7908e-06 2.7995e-05 1.4077e-05
5.3037e+02 5.6525e-01 7.5373e+00 1.9083e-08 6.3290e-05 2.8080e-06 2.8051e-05 1.4126e-05
5.3199e+02 5.6353e-01 7.5387e+00 1.8888e-08 6.2848e-05 2.8440e-06 2.8215e-05 1.4117e-05
5.3360e+02 5.6183e-01 7.5394e+00 1.8799e-08 6.2669e-05 2.9017e-06 2.8337e-05 1.4091e-05
5.3522e+02 5.6013e-01 7.5394e+00 1.9402e-08 6.2483e-05 2.9437e-06 2.8345e-05 1.4121e-05
5.3684e+02 5.5844e-01 7.5387e+00 1.9963e-08 6.2025e-05 2.9630e-06 2.8386e-05 1.4172e-05
5.3846e+02 5.5676e-01 7.5374e+00 1.9816e-08 6.1541e-05 2.9970e-06 2.8545e-05 1.4168e-05
5.4007e+02 5.5510e-01 7.5353e+00 1.9645e-08 6.1323e-05 3.0568e-06 2.8684e-05 1.4136e-05
5.4169e+02 5.5344e-01 7.5326e+00 2.0196e-08 6.1152e-05 3.1055e-06 2.8701e-05 1.4157e-05
5.4331e+02 5.5179e-01 7.5292e+00 2.0840e-08 6.0713e-05 3.1278e-06 2.8727e-05 1.4209e-05
5.4492e+02 5.5016e-01 7.5251e+00 2.0759e-08 6.0194e-05 3.1599e-06 2.8878e-05 1.4211e-05
5.4654e+02 5.4853e-01 7.5204e+00 2.0514e-08 5.9931e-05 3.2212e-06 2.9033e-05 1.4175e-05
5.4816e+02 5.4691e-01 7.5150e+00 2.0995e-08 5.9769e-05 3.2767e-06 2.9062e-05 1.4185e-05
5.4977e+02 5.4530e-01 7.5089e+00 2.1712e-08 5.9354e-05 3.3031e-06 2.9076e-05 1.4237e-05
5.5139e+02 5.4370e-01 7.5021e+00 2.1712e-08 5.8807e-05 3.3336e-06 2.9217e-05 1.4247e-05
5.5301e+02 5.4211e-01 7.4946e+00 2.1405e-08 5.8496e-05 3.3956e-06 2.9386e-05 1.4208e-05
5.5462e+02 5.4053e-01 7.4865e+00 2.1799e-08 5.8337e-05 3.4580e-06 2.9431e-05 1.4207e-05
5.5624e+02 5.3896e-01 7.4778e+00 2.2575e-08 5.7951e-05 3.4897e-06 2.9436e-05 1.4258e-05
5.5786e+02 5.3740e-01 7.4683e+00 2.2671e-08 5.7385e-05 3.5192e-06 2.9564e-05 1.4274e-05
5.5948e+02 5.3585e-01 7.4582e+00 2.2316e-08 5.7023e-05 3.5811e-06 2.9745e-05 1.4235e-05
5.6109e+02 5.3430e-01 7.4474e+00 2.2609e-08 5.6860e-05 3.6502e-06 2.9809e-05 1.4223e-05
5.6271e+02 5.3277e-01 7.4360e+00 2.3426e-08 5.6505e-05 3.6884e-06 2.9807e-05 1.4270e-05
5.6433e+02 5.3124e-01 7.4239e+00 2.3631e-08 5.5928e-05 3.7175e-06 2.9921e-05 1.4293e-05
5.6594e+02 5.2972e-01 7.4112e+00 2.3245e-08 5.5517e-05 3.7788e-06 3.0113e-05 1.4255e-05
5.6756e+02 5.2821e-01 7.3978e+00 2.3426e-08 5.5341e-05 3.8543e-06 3.0198e-05 1.4233e-05
5.6918e+02 5.2671e-01 7.3838e+00 2.4264e-08 5.5019e-05 3.9000e-06 3.0194e-05 1.4274e-05
5.7079e+02 5.2522e-01 7.3691e+00 2.4585e-08 5.4441e-05 3.9298e-06 3.0291e-05 1.4304e-05
5.7241e+02 5.2374e-01 7.3538e+00 2.4188e-08 5.3980e-05 3.9900e-06 3.0491e-05 1.4269e-05
5.7403e+02 5.2226e-01 7.3379e+00 2.4250e-08 5.3785e-05 4.0714e-06 3.0600e-05 1.4238e-05
5.7565e+02 5.2079e-01 7.3213e+00 2.5086e-08 5.3495e-05 4.1257e-06 3.0597e-05 1.4272e-05
5.7726e+02 5.1933e-01 7.3041e+00 2.5528e-08 5.2924e-05 4.1574e-06 3.0679e-05 1.4308e-05
5.7888e+02 5.1788e-01 7.2864e+00 2.5143e-08 5.2417e-05 4.2161e-06 3.0883e-05 1.4278e-05
5.8050e+02 5.1644e-01 7.2679e+00 2.5080e-08 5.2196e-05 4.3027e-06 3.1017e-05 1.4238e-05
5.8211e+02 5.1501e-01 7.2489e+00 2.5891e-08 5.1934e-05 4.3665e-06 3.1021e-05 1.4264e-05
5.8373e+02 5.1358e-01 7.2293e+00 2.6454e-08 5.1379e-05 4.4015e-06 3.1087e-05 1.4305e-05
5.8535e+02 5.1216e-01 7.2091e+00 2.6104e-08 5.0831e-05 4.4587e-06 3.1292e-05 1.4281e-05
5.8696e+02 5.1075e-01 7.1883e+00 2.5918e-08 5.0577e-05 4.5498e-06 3.1452e-05 1.4234e-05
5.8858e+02 5.0935e-01 7.1668e+00 2.6678e-08 5.0341e-05 4.6240e-06 3.1468e-05 1.4251e-05
5.9020e+02 5.0795e-01 7.1449e+00 2.7358e-08 4.9809e-05 4.6639e-06 3.1519e-05 1.4295e-05
5.9182e+02 5.0656e-01 7.1223e+00 2.7066e-08 4.9226e-05 4.7197e-06 3.1723e-05 1.4278e-05
5.9343e+02 5.0518e-01 7.0992e+00 2.6762e-08 4.8933e-05 4.8145e-06 3.1909e-05 1.4226e-05
5.9505e+02 5.0381e-01 7.0755e+00 2.7446e-08 4.8717e-05 4.8995e-06 3.1943e-05 1.4232e-05
5.9667e+02 5.0245e-01 7.0512e+00 2.8233e-08 4.8215e-05 4.9461e-06 3.1981e-05 1.4278e-05
5.9828e+02 5.0109e-01 7.0264e+00 2.8023e-08 4.7605e-05 5.0010e-06 3.2180e-05 1.4270e-05
5.9990e+02 4.9974e-01 7.0010e+00 2.7611e-08 4.7268e-05 5.0988e-06 3.2393e-05 1.4215e-05
6.0152e+02 4.9839e-01 6.9752e+00 2.8194e-08 4.7066e-05 5.1951e-06 3.2448e-05 1.4210e-05
6.0313e+02 4.9706e-01 6.9487e+00 2.9075e-08 4.6599e-05 5.2502e-06 3.2478e-05 1.4256e-05
6.0475e+02 4.9573e-01 6.9218e+00 2.8968e-08 4.5969e-05 5.3052e-06 3.2668e-05 1.4257e-05
6.0637e+02 4.9441e-01 6.8943e+00 2.8463e-08 4.5587e-05 5.4051e-06 3.2906e-05 1.4200e-05
6.0799e+02 4.9309e-01 6.8663e+00 2.8923e-08 4.5391e-05 5.5130e-06 3.2989e-05 1.4184e-05
6.0960e+02 4.9178e-01 6.8378e+00 2.9878e-08 4.4963e-05 5.5786e-06 3.3014e-05 1.4229e-05
6.1122e+02 4.9048e-01 6.8089e+00 2.9894e-08 4.4323e-05 5.6348e-06 3.3195e-05 1.4239e-05
6.1284e+02 4.8919e-01 6.7794e+00 2.9314e-08 4.3893e-05 5.7363e-06 3.3456e-05 1.4184e-05
6.1445e+02 4.8790e-01 6.7494e+00 2.9632e-08 4.3695e-05 5.8556e-06 3.3572e-05 1.4157e-05
6.1607e+02 4.8662e-01 6.7190e+00 3.0638e-08 4.3308e-05 5.9338e-06 3.3597e-05 1.4198e-05
6.1769e+02 4.8535e-01 6.6881e+00 3.0791e-08 4.2667e-05 5.9929e-06 3.3767e-05 1.4217e-05
6.1930e+02 4.8408e-01 6.6567e+00 3.0160e-08 4.2190e-05 6.0956e-06 3.4050e-05 1.4165e-05
6.2092e+02 4.8282e-01 6.6249e+00 3.0321e-08 4.1983e-05 6.2262e-06 3.4203e-05 1.4128e-05
6.2254e+02 4.8156e-01 6.5927e+00 3.1351e-08 4.1637e-05 6.3191e-06 3.4234e-05 1.4163e-05
6.2416e+02 4.8032e-01 6.5600e+00 3.1652e-08 4.1004e-05 6.3831e-06 3.4392e-05 1.4192e-05
6.2577e+02 4.7908e-01 6.5269e+00 3.0996e-08 4.0482e-05 6.4868e-06 3.4694e-05 1.4145e-05
6.2739e+02 4.7784e-01 6.4933e+00 3.0989e-08 4.0258e-05 6.6285e-06 3.4889e-05 1.4098e-05
6.2901e+02 4.7661e-01 6.4594e+00 3.2012e-08 3.9950e-05 6.7380e-06 3.4934e-05 1.4127e-05
6.3062e+02 4.7539e-01 6.4250e+00 3.2467e-08 3.9335e-05 6.8094e-06 3.5081e-05 1.4163e-05
6.3224e+02 4.7417e-01 6.3903e+00 3.1816e-08 3.8773e-05 6.9145e-06 3.5399e-05 1.4123e-05
6.3386e+02 4.7297e-01 6.3552e+00 3.1635e-08 3.8524e-05 7.0669e-06 3.5639e-05 1.4069e-05
6.3547e+02 4.7176e-01 6.3196e+00 3.2619e-08 3.8252e-05 7.1949e-06 3.5707e-05 1.4089e-05
6.3709e+02 4.7056e-01 6.2838e+00 3.3228e-08 3.7663e-05 7.2768e-06 3.5845e-05 1.4132e-05
6.3871e+02 4.6937e-01 6.2475e+00 3.2611e-08 3.7065e-05 7.3841e-06 3.6176e-05 1.4101e-05
6.4033e+02 4.6819e-01 6.2109e+00 3.2255e-08 3.6785e-05 7.5468e-06 3.6465e-05 1.4040e-05
6.4194e+02 4.6701e-01 6.1740e+00 3.3167e-08 3.6544e-05 7.6951e-06 3.6563e-05 1.4051e-05
6.4356e+02 4.6584e-01 6.1367e+00 3.3925e-08 3.5988e-05 7.7909e-06 3.6696e-05 1.4098e-05
6.4518e+02 4.6467e-01 6.0991e+00 3.3372e-08 3.5362e-05 7.9018e-06 3.7039e-05 1.4079e-05
6.4679e+02 4.6351e-01 6.0612e+00 3.2848e-08 3.5046e-05 8.0745e-06 3.7379e-05 1.4014e-05
6.4841e+02 4.6235e-01 6.0230e+00 3.3655e-08 3.4829e-05 8.2451e-06 3.7518e-05 1.4013e-05
6.5003e+02 4.6120e-01 5.9845e+00 3.4548e-08 3.4312e-05 8.3586e-06 3.7652e-05 1.4065e-05
6.5164e+02 4.6006e-01 5.9456e+00 3.4089e-08 3.3666e-05 8.4752e-06 3.8004e-05 1.4057e-05
6.5326e+02 4.5892e-01 5.9065e+00 3.3409e-08 3.3310e-05 8.6580e-06 3.8398e-05 1.3990e-05
6.5488e+02 4.5778e-01 5.8672e+00 3.4078e-08 3.3112e-05 8.8524e-06 3.8588e-05 1.3978e-05
6.5649e+02 4.5666e-01 5.8275e+00 3.5088e-08 3.2638e-05 8.9880e-06 3.8729e-05 1.4031e-05
6.5811e+02 4.5553e-01 5.7877e+00 3.4750e-08 3.1980e-05 9.1134e-06 3.9090e-05 1.4035e-05
6.5973e+02 4.5442e-01 5.7475e+00 3.3932e-08 3.1583e-05 9.3066e-06 3.9540e-05 1.3970e-05
6.6135e+02 4.5331e-01 5.7071e+00 3.4435e-08 3.1395e-05 9.5267e-06 3.9792e-05 1.3946e-05
6.6296e+02 4.5220e-01 5.6665e+00 3.5537e-08 3.0967e-05 9.6892e-06 3.9951e-05 1.3998e-05
6.6458e+02 4.5110e-01 5.6257e+00 3.5342e-08 3.0308e-05 9.8273e-06 4.0321e-05 1.4015e-05
6.6620e+02 4.5001e-01 5.5847e+00 3.4410e-08 2.9869e-05 1.0032e-05 4.0829e-05 1.3954e-05
6.6781e+02 4.4892e-01 5.5435e+00 3.4720e-08 2.9684e-05 1.0280e-05 4.1156e-05 1.3918e-05
6.6943e+02 4.4783e-01 5.5020e+00 3.5885e-08 2.9304e-05 1.0475e-05 4.1344e-05 1.3966e-05
6.7105e+02 4.4675e-01 5.4604e+00 3.5852e-08 2.8653e-05 1.0631e-05 4.1727e-05 1.3997e-05
6.7266e+02 4.4568e-01 5.4186e+00 3.4833e-08 2.8175e-05 1.0849e-05 4.2296e-05 1.3941e-05
6.7428e+02 4.4461e-01 5.3767e+00 3.4932e-08 2.7987e-05 1.1126e-05 4.2709e-05 1.3896e-05
6.7590e+02 4.4355e-01 5.3346e+00 3.6124e-08 2.7654e-05 1.1359e-05 4.2943e-05 1.3938e-05
6.7752e+02 4.4249e-01 5.2923e+00 3.6267e-08 2.7020e-05 1.1540e-05 4.3344e-05 1.3980e-05
6.7913e+02 4.4143e-01 5.2499e+00 3.5192e-08 2.6507e-05 1.1775e-05 4.3976e-05 1.3934e-05
6.8075e+02 4.4039e-01 5.2074e+00 3.5064e-08 2.6310e-05 1.2085e-05 4.4491e-05 1.3879e-05
6.8237e+02 4.3934e-01 5.1647e+00 3.6247e-08 2.6024e-05 1.2363e-05 4.4789e-05 1.3913e-05
6.8398e+02 4.3830e-01 5.1220e+00 3.6572e-08 2.5417e-05 1.2576e-05 4.5216e-05 1.3966e-05
6.8560e+02 4.3727e-01 5.0791e+00 3.5475e-08 2.4875e-05 1.2832e-05 4.5917e-05 1.3931e-05
6.8722e+02 4.3624e-01 5.0361e+00 3.5113e-08 2.4665e-05 1.3178e-05 4.6550e-05 1.3869e-05
6.8883e+02 4.3522e-01 4.9931e+00 3.6248e-08 2.4425e-05 1.3509e-05 4.6934e-05 1.3893e-05
6.9045e+02 4.3420e-01 4.9499e+00 3.6755e-08 2.3854e-05 1.3765e-05 4.7402e-05 1.3955e-05
6.9207e+02 4.3318e-01 4.9067e+00 3.5671e-08 2.3291e-05 1.4050e-05 4.8178e-05 1.3933e-05
6.9369e+02 4.3217e-01 4.8635e+00 3.5076e-08 2.3067e-05 1.4437e-05 4.8947e-05 1.3865e-05
6.9530e+02 4.3117e-01 4.8202e+00 3.6126e-08 2.2872e-05 1.4830e-05 4.9445e-05 1.3877e-05
6.9692e+02 4.3017e-01 4.7768e+00 3.6807e-08 2.2348e-05 1.5142e-05 4.9974e-05 1.3945e-05
6.9854e+02 4.2917e-01 4.7334e+00 3.5772e-08 2.1776e-05 1.5465e-05 5.0837e-05 1.3938e-05
7.0015e+02 4.2818e-01 4.6900e+00 3.4952e-08 2.1540e-05 1.5900e-05 5.1764e-05 1.3867e-05
7.0177e+02 4.2719e-01 4.6465e+00 3.5882e-08 2.1390e-05 1.6366e-05 5.2411e-05 1.3865e-05
7.0339e+02 4.2621e-01 4.6030e+00 3.6727e-08 2.0922e-05 1.6750e-05 5.3027e-05 1.3936e-05
7.0500e+02 4.2523e-01 4.5596e+00 3.5774e-08 2.0356e-05 1.7125e-05 5.3995e-05 1.3944e-05
7.0662e+02 4.2426e-01 4.5161e+00 3.4747e-08 2.0116e-05 1.7618e-05 5.5106e-05 1.3872e-05
7.0824e+02 4.2329e-01 4.4726e+00 3.5531e-08 2.0016e-05 1.8172e-05 5.5945e-05 1.3855e-05
7.0986e+02 4.2233e-01 4.4292e+00 3.6526e-08 1.9617e-05 1.8648e-05 5.6687e-05 1.3925e-05
7.1147e+02 4.2137e-01 4.3858e+00 3.5687e-08 1.9075e-05 1.9094e-05 5.7785e-05 1.3948e-05
7.1309e+02 4.2041e-01 4.3424e+00 3.4482e-08 1.8845e-05 1.9660e-05 5.9117e-05 1.3878e-05
7.1471e+02 4.1946e-01 4.2990e+00 3.5106e-08 1.8806e-05 2.0319e-05 6.0202e-05 1.3844e-05
7.1632e+02 4.1852e-01 4.2557e+00 3.6238e-08 1.8495e-05 2.0913e-05 6.1122e-05 1.3907e-05
7.1794e+02 4.1757e-01 4.2125e+00 3.5548e-08 1.8001e-05 2.1456e-05 6.2389e-05 1.3944e-05
7.1956e+02 4.1663e-01 4.1693e+00 3.4205e-08 1.7806e-05 2.2117e-05 6.3988e-05 1.3877e-05
7.2117e+02 4.1570e-01 4.1262e+00 3.4673e-08 1.7851e-05 2.2906e-05 6.5389e-05 1.3824e-05
7.2279e+02 4.1477e-01 4.0832e+00 3.5946e-08 1.7655e-05 2.3652e-05 6.6561e-05 1.3875e-05
7.2441e+02 4.1384e-01 4.0402e+00 3.5444e-08 1.7247e-05 2.4328e-05 6.8055e-05 1.3921e-05
7.2603e+02 4.1292e-01 3.9974e+00 3.4021e-08 1.7126e-05 2.5114e-05 6.9985e-05 1.3857e-05
7.2764e+02 4.1201e-01 3.9546e+00 3.4371e-08 1.7297e-05 2.6067e-05 7.1796e-05 1.3783e-05
7.2926e+02 4.1109e-01 3.9120e+00 3.5815e-08 1.7263e-05 2.7010e-05 7.3320e-05 1.3814e-05
7.3088e+02 4.1018e-01 3.8694e+00 3.5562e-08 1.6995e-05 2.7870e-05 7.5128e-05 1.3862e-05
7.3249e+02 4.0928e-01 3.8270e+00 3.4146e-08 1.7015e-05 2.8827e-05 7.7479e-05 1.3800e-05
7.3411e+02 4.0838e-01 3.7847e+00 3.4468e-08 1.7387e-05 2.9989e-05 7.9825e-05 1.3699e-05
7.3573e+02 4.0748e-01 3.7425e+00 3.6173e-08 1.7595e-05 3.1190e-05 8.1845e-05 1.3699e-05
7.3734e+02 4.0658e-01 3.7005e+00 3.6280e-08 1.7559e-05 3.2303e-05 8.4092e-05 1.3739e-05
7.3896e+02 4.0569e-01 3.6586e+00 3.5014e-08 1.7829e-05 3.3497e-05 8.6993e-05 1.3671e-05
7.4058e+02 4.0481e-01 3.6168e+00 3.5489e-08 1.8534e-05 3.4936e-05 9.0045e-05 1.3536e-05
7.4219e+02 4.0393e-01 3.5752e+00 3.7668e-08 1.9129e-05 3.6478e-05 9.2760e-05 1.3488e-05
7.4381e+02 4.0305e-01 3.5338e+00 3.8357e-08 1.9481e-05 3.7940e-05 9.5630e-05 1.3500e-05
7.4543e+02 4.0217e-01 3.4925e+00 3.7498e-08 2.0189e-05 3.9463e-05 9.9263e-05 1.3413e-05
7.4705e+02 4.0130e-01 3.4514e+00 3.8479e-08 2.1458e-05 4.1270e-05 1.0325e-04 1.3229e-05
7.4866e+02 4.0044e-01 3.4105e+00 4.1577e-08 2.2703e-05 4.3262e-05 1.0694e-04 1.3107e-05
7.5028e+02 3.9957e-01 3.3697e+00 4.3317e-08 2.3725e-05 4.5203e-05 1.1069e-04 1.3060e-05
7.5190e+02 3.9871e-01 3.3292e+00 4.3367e-08 2.5199e-05 4.7180e-05 1.1530e-04 1.2926e-05
7.5351e+02 3.9786e-01 3.2888e+00 4.5530e-08 2.7445e-05 4.9473e-05 1.2052e-04 1.2665e-05
7.5513e+02 3.9701e-01 3.2486e+00 5.0453e-08 2.9818e-05 5.2046e-05 1.2553e-04 1.2430e-05
7.5675e+02 3.9616e-01 3.2087e+00 5.4230e-08 3.2020e-05 5.4616e-05 1.3048e-04 1.2273e-05
7.5836e+02 3.9531e-01 3.1689e+00 5.6205e-08 3.4843e-05 5.7189e-05 1.3634e-04 1.2042e-05
7.5998e+02 3.9447e-01 3.1293e+00 6.0853e-08 3.8787e-05 6.0080e-05 1.4310e-04 1.1656e-05
7.6160e+02 3.9364e-01 3.0900e+00 6.9379e-08 4.3139e-05 6.3339e-05 1.4976e-04 1.1247e-05
7.6322e+02 3.9280e-01 3.0509e+00 7.7213e-08 4.7430e-05 6.6642e-05 1.5620e-04 1.0902e-05
7.6483e+02 3.9197e-01 3.0120e+00 8.3149e-08 5.2584e-05 6.9871e-05 1.6341e-04 1.0496e-05
7.6645e+02 3.9114e-01 2.9733e+00 9.2682e-08 5.9393e-05 7.3326e-05 1.7169e-04 9.9131e-06
7.6807e+02 3.9032e-01 2.9348e+00 1.0803e-07 6.7080e-05 7.7144e-05 1.7994e-04 9.2527e-06
7.6968e+02 3.8950e-01 2.8966e+00 1.2365e-07 7.4850e-05 8.0968e-05 1.8752e-04 8.6297e-06
7.7130e+02 3.8868e-01 2.8587e+00 1.3714e-07 8.3671e-05 8.4487e-05 1.9529e-04 7.9618e-06
7.7292e+02 3.8787e-01 2.8209e+00 1.5519e-07 9.4721e-05 8.7883e-05 2.0382e-04 7.1280e-06
7.7453e+02 3.8706e-01 2.7835e+00 1.8179e-07 1.0716e-04 9.1337e-05 2.1193e-04 6.1947e-06
7.7615e+02 3.8626e-01 2.7462e+00 2.1011e-07 1.1953e-04 9.4469e-05 2.1831e-04 5.2970e-06
7.7777e+02 3.8545e-01 2.7093e+00 2.3500e-07 1.3246e-04 9.6731e-05 2.2332e-04 4.4183e-06
7.7939e+02 3.8465e-01 2.6725e+00 2.6354e-07 1.4742e-04 9.8083e-05 2.2774e-04 3.4782e-06
7.8100e+02 3.8386e-01 2.6361e+00 3.0230e-07 1.6351e-04 9.8738e-05 2.3060e-04 2.5397e-06
7.8262e+02 3.8306e-01 2.5999e+00 3.4325e-07 1.7824e-04 9.8450e-05 2.3015e-04 1.7457e-06
7.8424e+02 3.8227e-01 2.5639e+00 3.7626e-07 1.9129e-04 9.6660e-05 2.2630e-04 1.1311e-06
7.8585e+02 3.8149e-01 2.5283e+00 4.0682e-07 2.0436e-04 9.3281e-05 2.2033e-04 6.6877e-07
7.8747e+02 3.8070e-01 2.4929e+00 4.4509e-07 2.1710e-04 8.8778e-05 2.1238e-04 4.2072e-07
7.8909e+02 3.7992e-01 2.4578e+00 4.8450e-07 2.2659e-04 8.3423e-05 2.0135e-04 4.7504e-07
7.9070e+02 3.7915e-01 2.4229e+00 5.1040e-07 2.3181e-04 7.7064e-05 1.8724e-04 8.0606e-07
7.9232e+02 3.7837e-01 2.3884e+00 5.2540e-07 2.3512e-04 6.9774e-05 1.7188e-04 1.3545e-06
7.9394e+02 3.7760e-01 2.3541e+00 5.4469e-07 2.3793e-04 6.2165e-05 1.5664e-04 2.1572e-06
7.9556e+02 3.7683e-01 2.3201e+00 5.6779e-07 2.3813e-04 5.4790e-05 1.4107e-04 3.2373e-06
7.9717e+02 3.7607e-01 2.2863e+00 5.7837e-07 2.3421e-04 4.7667e-05 1.2483e-04 4.4707e-06
7.9879e+02 3.7531e-01 2.2529e+00 5.7453e-07 2.2864e-04 4.0696e-05 1.0909e-04 5.7447e-06
8.0041e+02 3.7455e-01 2.2198e+00 5.7409e-07 2.2412e-04 3.4152e-05 9.5141e-05 7.1336e-06
8.0202e+02 3.7380e-01 2.1869e+00 5.8341e-07 2.1934e-04 2.8396e-05 8.2666e-05 8.7150e-06
8.0364e+02 3.7304e-01 2.1544e+00 5.8622e-07 2.1193e-04 2.3383e-05 7.0733e-05 1.0345e-05
8.0526e+02 3.7229e-01 2.1221e+00 5.7427e-07 2.0336e-04 1.8851e-05 5.9616e-05 1.1865e-05
8.0687e+02 3.7155e-01 2.0901e+00 5.6414e-07 1.9674e-04 1.4805e-05 5.0229e-05 1.3391e-05
8.0849e+02 3.7080e-01 2.0584e+00 5.6797e-07 1.9151e-04 1.1431e-05 4.2429e-05 1.5113e-05
8.1011e+02 3.7006e-01 2.0270e+00 5.7132e-07 1.8471e-04 8.6949e-06 3.5273e-05 1.6918e-05
8.1173e+02 3.6933e-01 1.9960e+00 5.5999e-07 1.7660e-04 6.3725e-06 2.8594e-05 1.8571e-05
8.1334e+02 3.6859e-01 1.9652e+00 5.4724e-07 1.7035e-04 4.4035e-06 2.3030e-05 2.0174e-05
8.1496e+02 3.6786e-01 1.9347e+00 5.5008e-07 1.6630e-04 2.8932e-06 1.8657e-05 2.2026e-05
8.1658e+02 3.6713e-01 1.9045e+00 5.5756e-07 1.6132e-04 1.8285e-06 1.4789e-05 2.4083e-05
8.1819e+02 3.6641e-01 1.8746e+00 5.5073e-07 1.5464e-04 1.0764e-06 1.1147e-05 2.6028e-05
8.1981e+02 3.6569e-01 1.8450e+00 5.3842e-07 1.4930e-04 6.1725e-07 8.1545e-06 2.7889e-05
8.2143e+02 3.6497e-01 1.8158e+00 5.4163e-07 1.4650e-04 5.2504e-07 5.9686e-06 3.0061e-05
8.2304e+02 3.6425e-01 1.7868e+00 5.5416e-07 1.4333e-04 7.7238e-07 4.1714e-06 3.2616e-05
8.2466e+02 3.6353e-01 1.7581e+00 5.5342e-07 1.3809e-04 1.2899e-06 2.5582e-06 3.5173e-05
8.2628e+02 3.6282e-01 1.7298e+00 5.4283e-07 1.3349e-04 2.1469e-06 1.4026e-06 3.7641e-05
8.2790e+02 3.6211e-01 1.7017e+00 5.4647e-07 1.3159e-04 3.4410e-06 8.0210e-07 4.0486e-05
8.2951e+02 3.6141e-01 1.6739e+00 5.6404e-07 1.2988e-04 5.1093e-06 5.1334e-07 4.3956e-05
8.3113e+02 3.6071e-01 1.6465e+00 5.7027e-07 1.2585e-04 7.0991e-06 5.2797e-07 4.7650e-05
8.3275e+02 3.6000e-01 1.6193e+00 5.6208e-07 1.2167e-04 9.5979e-06 1.0997e-06 5.1313e-05
8.3436e+02 3.5931e-01 1.5925e+00 5.6556e-07 1.2018e-04 1.2810e-05 2.1771e-06 5.5446e-05
8.3598e+02 3.5861e-01 1.5659e+00 5.8745e-07 1.1947e-04 1.6659e-05 3.5447e-06 6.0540e-05
8.3760e+02 3.5792e-01 1.5397e+00 6.0106e-07 1.1631e-04 2.1061e-05 5.4768e-06 6.6250e-05
8.3921e+02 3.5723e-01 1.5138e+00 5.9535e-07 1.1213e-04 2.6339e-05 8.4298e-06 7.2110e-05
8.4083e+02 3.5654e-01 1.4881e+00 5.9666e-07 1.1040e-04 3.2923e-05 1.2208e-05 7.8572e-05
8.4245e+02 3.5586e-01 1.4628e+00 6.2003e-07 1.1001e-04 4.0802e-05 1.6421e-05 8.6416e-05
8.4406e+02 3.5518e-01 1.4378e+00 6.3908e-07 1.0714e-04 4.9806e-05 2.1624e-05 9.5451e-05
8.4568e+02 3.5450e-01 1.4130e+00 6.3304e-07 1.0226e-04 6.0319e-05 2.8797e-05 1.0490e-04
8.4730e+02 3.5382e-01 1.3886e+00 6.2529e-07 9.9250e-05 7.3045e-05 3.7745e-05 1.1488e-04
8.4892e+02 3.5315e-01 1.3645e+00 6.3962e-07 9.8020e-05 8.8047e-05 4.7535e-05 1.2627e-04
8.5053e+02 3.5248e-01 1.3406e+00 6.5293e-07 9.4415e-05 1.0474e-04 5.8585e-05 1.3894e-04
8.5215e+02 3.5181e-01 1.3171e+00 6.3381e-07 8.7872e-05 1.2289e-04 7.2416e-05 1.5138e-04
8.5377e+02 3.5114e-01 1.2938e+00 5.9821e-07 8.2570e-05 1.4274e-04 8.8828e-05 1.6253e-04
8.5538e+02 3.5048e-01 1.2709e+00 5.7841e-07 7.9732e-05 1.6359e-04 1.0538e-04 1.7247e-04
8.5700e+02 3.4982e-01 1.2482e+00 5.6130e-07 7.5529e-05 1.8328e-04 1.2061e-04 1.8078e-04
8.5862e+02 3.4916e-01 1.2259e+00 5.1183e-07 6.8799e-05 1.9961e-04 1.3546e-04 1.8536e-04
8.6023e+02 3.4850e-01 1.2038e+00 4.4025e-07 6.4094e-05 2.1165e-04 1.4993e-04 1.8438e-04
8.6185e+02 3.4785e-01 1.1820e+00 3.8806e-07 6.3851e-05 2.1900e-04 1.6078e-04 1.7834e-04
8.6347e+02 3.4720e-01 1.1606e+00 3.5741e-07 6.4241e-05 2.2073e-04 1.6523e-04 1.6906e-04
8.6509e+02 3.4655e-01 1.1394e+00 3.1548e-07 6.2904e-05 2.1631e-04 1.6508e-04 1.5726e-04
8.6670e+02 3.4590e-01 1.1184e+00 2.6438e-07 6.4009e-05 2.0713e-04 1.6390e-04 1.4286e-04
8.6832e+02 3.4526e-01 1.0978e+00 2.4201e-07 7.0338e-05 1.9569e-04 1.6150e-04 1.2702e-04
8.6994e+02 3.4461e-01 1.0775e+00 2.5043e-07 7.7105e-05 1.8336e-04 1.5528e-04 1.1208e-04
8.7155e+02 3.4397e-01 1.0574e+00 2.5094e-07 8.0332e-05 1.7006e-04 1.4614e-04 9.9075e-05
8.7317e+02 3.4334e-01 1.0376e+00 2.3942e-07 8.4786e-05 1.5621e-04 1.3855e-04 8.7113e-05
8.7479e+02 3.4270e-01 1.0181e+00 2.5557e-07 9.5293e-05 1.4328e-04 1.3381e-04 7.5600e-05
8.7640e+02 3.4207e-01 9.9889e-01 3.0223e-07 1.0663e-04 1.3211e-04 1.2834e-04 6.5520e-05
8.7802e+02 3.4144e-01 9.7993e-01 3.3240e-07 1.1242e-04 1.2193e-04 1.2048e-04 5.7654e-05
8.7964e+02 3.4081e-01 9.6125e-01 3.4037e-07 1.1826e-04 1.1199e-04 1.1396e-04 5.1072e-05
8.8126e+02 3.4019e-01 9.4284e-01 3.8098e-07 1.3287e-04 1.0292e-04 1.1163e-04 4.4623e-05
8.8287e+02 3.3956e-01 9.2470e-01 4.6415e-07 1.5112e-04 9.5540e-05 1.1019e-04 3.8741e-05
8.8449e+02 3.3894e-01 9.0682e-01 5.2484e-07 1.6203e-04 8.9259e-05 1.0592e-04 3.4367e-05
8.8611e+02 3.3833e-01 8.8921e-01 5.4799e-07 1.7103e-04 8.3033e-05 1.0169e-04 3.1016e-05
8.8772e+02 3.3771e-01 8.7187e-01 6.1628e-07 1.9380e-04 7.7084e-05 1.0226e-04 2.7488e-05
8.8934e+02 3.3710e-01 8.5478e-01 7.6072e-07 2.2740e-04 7.2332e-05 1.0548e-04 2.3895e-05
8.9096e+02 3.3648e-01 8.3796e-01 8.8494e-07 2.5274e-04 6.8587e-05 1.0561e-04 2.1281e-05
8.9257e+02 3.3587e-01 8.2139e-01 9.4607e-07 2.7257e-04 6.4774e-05 1.0420e-04 1.9556e-05
8.9419e+02 3.3527e-01 8.0507e-01 1.0769e-06 3.1647e-04 6.0766e-05 1.0862e-04 1.7542e-05
8.9581e+02 3.3466e-01 7.8901e-01 1.3684e-06 3.9159e-04 5.7506e-05 1.1908e-04 1.5078e-05
8.9743e+02 3.3406e-01 7.7320e-01 1.6757e-06 4.6471e-04 5.5196e-05 1.2721e-04 1.3257e-05
8.9904e+02 3.3346e-01 7.5764e-01 1.8840e-06 5.2839e-04 5.2826e-05 1.3199e-04 1.2288e-05
9.0066e+02 3.3286e-01 7.4232e-01 2.2365e-06 6.4807e-04 4.9880e-05 1.4581e-04 1.0980e-05
9.0228e+02 3.3226e-01 7.2725e-01 3.0356e-06 8.8130e-04 4.7164e-05 1.7590e-04 8.9480e-06
9.0389e+02 3.3167e-01 7.1242e-01 4.1079e-06 1.1832e-03 4.5278e-05 2.1085e-04 7.4207e-06
9.0551e+02 3.3108e-01 6.9782e-01 5.1619e-06 1.5190e-03 4.3379e-05 2.4370e-04 6.8707e-06
9.0713e+02 3.3049e-01 6.8347e-01 6.8646e-06 2.1186e-03 4.0369e-05 3.0335e-04 6.0154e-06
9.0874e+02 3.2990e-01 6.6935e-01 1.0785e-05 3.4619e-03 3.6796e-05 4.3544e-04 5.0972e-06
9.1036e+02 3.2931e-01 6.5546e-01 1.7381e-05 5.7734e-03 3.5220e-05 6.3456e-04 8.2508e-06
9.1198e+02 3.2873e-01 6.4180e-01 2.4222e-05 8.4650e-03 3.9150e-05 8.1015e-04 1.9402e-05
9.1360e+02 3.2815e-01 6.2838e-01 2.7240e-05 1.0260e-02 5.1000e-05 8.4693e-04 3.6108e-05
9.1521e+02 3.2757e-01 6.1517e-01 2.4346e-05 1.0124e-02 6.9129e-05 7.0870e-04 5.0520e-05
9.1683e+02 3.2699e-01 6.0219e-01 1.7469e-05 8.1838e-03 8.6905e-05 4.7380e-04 5.7278e-05
9.1845e+02 3.2641e-01 5.8943e-01 1.0660e-05 5.6972e-03 9.8044e-05 2.6384e-04 5.8309e-05
9.2006e+02 3.2584e-01 5.7689e-01 6.5005e-06 4.0348e-03 1.0494e-04 1.4489e-04 5.9217e-05
9.2168e+02 3.2527e-01 5.6456e-01 4.7042e-06 3.6426e-03 1.1837e-04 9.9015e-05 6.3678e-05
9.2330e+02 3.2470e-01 5.5245e-01 3.7291e-06 3.9058e-03 1.4429e-04 7.4870e-05 7.2957e-05
9.2491e+02 3.2413e-01 5.4055e-01 2.7792e-06 3.8966e-03 1.7155e-04 4.6071e-05 8.7652e-05
9.2653e+02 3.2356e-01 5.2885e-01 2.0183e-06 3.1895e-03 1.7826e-04 2.0535e-05 1.0555e-04
9.2815e+02 3.2300e-01 5.1737e-01 1.6187e-06 2.0431e-03 1.5277e-04 1.2189e-05 1.1824e-04
9.2976e+02 3.2244e-01 5.0608e-01 1.3486e-06 9.8480e-04 1.0563e-04 1.9237e-05 1.1472e-04
9.3138e+02 3.2188e-01 4.9500e-01 9.8860e-07 3.3407e-04 5.9079e-05 2.8308e-05 9.1257e-05
9.3300e+02 3.2132e-01 4.8412e-01 6.2797e-07 7.1307e-05 2.7756e-05 2.9381e-05 5.6686e-05
9.3462e+02 3.2077e-01 4.7343e-01 4.2191e-07 1.1260e-05 1.1938e-05 2.2315e-05 2.5796e-05
9.3623e+02 3.2021e-01 4.6294e-01 3.3426e-07 5.4142e-06 5.3579e-06 1.2723e-05 7.7325e-06
9.3785e+02 3.1966e-01 4.5264e-01 2.4930e-07 2.1133e-06 3.2635e-06 5.6059e-06 1.3968e-06
9.3947e+02 3.1911e-01 4.4253e-01 1.6211e-07 5.8016e-08 3.0907e-06 2.4944e-06 4.8461e-07
9.4108e+02 3.1856e-01 4.3260e-01 1.3032e-07 8.0754e-07 3.7399e-06 2.0493e-06 3.9642e-07
9.4270e+02 3.1801e-01 4.2286e-01 1.4108e-07 1.1061e-06 7.7610e-06 2.1606e-06 1.1736e-07
9.4432e+02 3.1747e-01 4.1331e-01 1.3635e-07 5.0036e-07 2.0840e-05 1.7641e-06 1.4069e-08
9.4593e+02 3.1693e-01 4.0393e-01 1.1208e-07 8.4885e-07 4.4943e-05 1.1562e-06 6.2855e-08
9.4755e+02 3.1639e-01 3.9472e-01 1.0492e-07 1.9310e-06 7.2897e-05 9.3670e-07 3.6323e-08
9.4917e+02 3.1585e-01 3.8570e-01 1.1514e-07 2.3068e-06 9.2902e-05 1.0664e-06 2.4651e-08
9.5079e+02 3.1531e-01 3.7684e-01 1.1235e-07 2.2453e-06 9.8433e-05 1.0659e-06 2.0657e-07
9.5240e+02 3.1477e-01 3.6816e-01 9.5618e-08 2.8430e-06 9.1702e-05 7.4120e-07 4.9443e-07
9.5402e+02 3.1424e-01 3.5964e-01 8.9722e-08 3.6052e-06 7.8171e-05 3.4150e-07 6.6377e-07
9.5564e+02 3.1371e-01 3.5129e-01 9.4237e-08 3.1448e-06 6.1030e-05 1.2301e-07 6.3428e-07
9.5725e+02 3.1318e-01 3.4310e-01 8.5075e-08 1.5506e-06 4.1976e-05 6.9541e-08 4.7944e-07
9.5887e+02 3.1265e-01 3.3507e-01 6.0308e-08 2.9164e-07 2.4230e-05 4.7864e-08 2.8889e-07
9.6049e+02 3.1213e-01 3.2720e-01 4.3347e-08 8.6935e-08 1.1698e-05 1.5213e-08 1.2385e-07
9.6210e+02 3.1160e-01 3.1949e-01 4.2244e-08 2.7389e-07 5.5315e-06 5.7285e-10 2.8068e-08
9.6372e+02 3.1108e-01 3.1193e-01 4.0545e-08 2.0346e-07 3.4286e-06 6.4689e-09 3.5703e-09
9.6534e+02 3.1056e-01 3.0452e-01 2.9893e-08 6.2188e-08 2.4880e-06 8.8872e-09 7.3756e-09
9.6696e+02 3.1004e-01 2.9726e-01 2.1792e-08 1.4746e-07 1.5901e-06 3.1155e-09 4.9182e-09
9.6857e+02 3.0952e-01 2.9015e-01 2.2794e-08 2.6571e-07 9.4823e-07 5.6046e-10 5.0931e-11
9.7019e+02 3.0900e-01 2.8318e-01 2.3208e-08 1.8306e-07 6.6436e-07 2.6544e-09 3.1851e-09
9.7181e+02 3.0849e-01 2.7635e-01 1.6737e-08 5.0677e-08 4.6292e-07 3.0883e-09 6.4406e-09
9.7342e+02 3.0798e-01 2.6967e-01 1.0987e-08 6.4278e-08 2.2663e-07 1.5877e-09 2.8515e-09
9.7504e+02 3.0747e-01 2.6312e-01 1.1618e-08 1.2328e-07 7.9348e-08 1.3795e-09 1.4127e-11
9.7666e+02 3.0696e-01 2.5671e-01 1.2571e-08 8.0791e-08 5.5607e-08 2.1168e-09 2.7005e-09
9.7827e+02 3.0645e-01 2.5043e-01 8.7443e-09 1.2655e-08 5.0477e-08 2.2548e-09 4.0263e-09
9.7989e+02 3.0594e-01 2.4428e-01 4.8202e-09 2.8789e-08 2.4232e-08 2.0461e-09 1.1262e-09
9.8151e+02 3.0544e-01 2.3827e-01 5.1416e-09 6.5970e-08 2.4730e-08 1.6335e-09 7.3681e-10
9.8313e+02 3.0494e-01 2.3238e-01 6.0431e-09 3.9655e-08 5.3925e-08 9.3248e-10 4.5526e-09
9.8474e+02 3.0444e-01 2.2661e-01 3.9881e-09 3.1856e-09 6.4408e-08 1.0991e-09 5.5786e-09
9.8636e+02 3.0394e-01 2.2097e-01 1.9155e-09 1.9524e-08 5.0951e-08 2.3379e-09 2.0937e-09
9.8798e+02 3.0344e-01 2.1545e-01 2.4798e-09 4.0706e-08 4.4726e-08 2.4789e-09 5.7139e-10
9.8959e+02 3.0295e-01 2.1005e-01 3.0248e-09 2.0874e-08 5.1946e-08 9.4002e-10 2.7987e-09
9.9121e+02 3.0245e-01 2.0476e-01 1.4898e-09 3.4596e-09 6.3413e-08 5.1885e-10 3.3233e-09
9.9283e+02 3.0196e-01 1.9959e-01 2.4717e-10 1.6778e-08 8.5435e-08 2.2319e-09 8.8833e-10
9.9444e+02 3.0147e-01 1.9453e-01 7.5694e-10 1.8677e-08 1.1711e-07 2.9151e-09 3.4375e-10
9.9606e+02 3.0098e-01 1.8959e-01 9.2886e-10 1.1115e-09 1.3925e-07 1.0995e-09 2.4335e-09
9.9768e+02 3.0049e-01 1.8475e-01 2.0024e-10 1.4692e-08 1.5410e-07 1.5183e-10 2.6568e-09
9.9930e+02 3.0000e-01 1.8002e-01 8.2290e-10 5.1389e-08 1.8957e-07 2.0512e-09 6.5631e-10
1.0009e+03 2.9952e-01 1.7539e-01 2.5495e-09 4.5252e-08 2.4691e-07 3.3964e-09 6.8366e-10
1.0025e+03 2.9904e-01 1.7087e-01 2.7565e-09 1.4679e-08 2.9545e-07 1.6356e-09 2.7475e-09
1.0041e+03 2.9855e-01 1.6645e-01 2.5953e-09 4.6094e-08 3.2686e-07 3.0468e-12 2.6769e-09
1.0058e+03 2.9807e-01 1.6213e-01 5.4342e-09 1.1628e-07 3.5771e-07 1.6409e-09 6.3868e-10
1.0074e+03 2.9760e-01 1.5791e-01 9.0493e-09 1.1174e-07 3.8125e-07 3.6913e-09 6.9085e-10
1.0090e+03 2.9712e-01 1.5378e-01 8.5820e-09 5.1262e-08 3.8605e-07 2.4435e-09 2.5082e-09
1.0106e+03 2.9664e-01 1.4975e-01 7.4279e-09 8.1597e-08 4.1287e-07 1.5100e-10 2.1842e-09
1.0122e+03 2.9617e-01 1.4581e-01 1.3731e-08 2.0476e-07 5.0510e-07 1.0135e-09 3.7854e-10
1.0138e+03 2.9570e-01 1.4196e-01 2.5116e-08 2.4722e-07 6.1620e-07 3.6297e-09 1.0755e-09
1.0155e+03 2.9523e-01 1.3821e-01 3.1891e-08 1.9108e-07 6.8447e-07 3.4871e-09 3.3103e-09
1.0171e+03 2.9476e-01 1.3453e-01 3.9831e-08 2.7797e-07 7.9418e-07 9.1717e-10 3.0308e-09
1.0187e+03 2.9429e-01 1.3095e-01 7.1397e-08 6.1873e-07 1.0928e-06 5.4088e-10 2.1988e-09
1.0203e+03 2.9382e-01 1.2744e-01 1.3130e-07 9.3151e-07 1.4907e-06 3.4774e-09 6.4506e-09
1.0219e+03 2.9336e-01 1.2402e-01 1.8549e-07 8.9353e-07 1.6267e-06 5.6118e-09 1.3842e-08
1.0235e+03 2.9289e-01 1.2069e-01 1.9291e-07 5.8066e-07 1.2756e-06 4.1275e-09 1.5807e-08
1.0252e+03 2.9243e-01 1.1743e-01 1.5147e-07 3.1610e-07 6.7019e-07 1.2176e-09 1.0389e-08
1.0268e+03 2.9197e-01 1.1424e-01 9.5935e-08 2.1827e-07 2.4814e-07 6.1447e-11 5.0291e-09
1.0284e+03 2.9151e-01 1.1114e-01 5.5968e-08 1.5898e-07 1.5236e-07 6.2549e-10 4.3668e-09
1.0300e+03 2.9106e-01 1.0811e-01 3.4267e-08 7.2116e-08 1.6213e-07 1.0670e-09 4.6028e-09
1.0316e+03 2.9060e-01 1.0515e-01 2.2636e-08 2.4555e-08 8.3023e-08 7.8781e-10 2.7162e-09
1.0333e+03 2.9014e-01 1.0226e-01 1.7657e-08 2.6533e-08 5.5341e-10 3.9197e-10 2.0819e-09
1.0349e+03 2.8969e-01 9.9446e-02 1.5895e-08 3.7931e-08 9.6975e-08 1.9113e-10 4.7561e-09
1.0365e+03 2.8924e-01 9.6699e-02 1.1742e-08 1.3194e-07 3.7454e-07 1.9304e-10 6.3909e-09
1.0381e+03 2.8879e-01 9.4019e-02 7.6047e-09 3.7717e-07 6.6197e-07 6.2466e-10 3.9168e-09
1.0397e+03 2.8834e-01 9.1405e-02 1.2288e-08 5.9803e-07 8.3501e-07 1.3908e-09 1.2858e-09
1.0413e+03 2.8789e-01 8.8856e-02 2.4648e-08 6.2515e-07 9.8741e-07 1.6639e-09 2.2509e-09
1.0430e+03 2.8745e-01 8.6370e-02 3.7518e-08 8.3402e-07 1.4304e-06 9.2422e-10 3.8518e-09
1.0446e+03 2.8700e-01 8.3946e-02 6.6846e-08 1.9584e-06 2.4869e-06 7.4668e-11 2.9977e-09
1.0462e+03 2.8656e-01 8.1583e-02 1.5261e-07 4.0443e-06 4.1174e-06 7.2515e-10 3.6476e-09
1.0478e+03 2.8611e-01 7.9279e-02 3.0485e-07 5.9095e-06 5.6847e-06 3.2279e-09 1.0303e-08
1.0494e+03 2.8567e-01 7.7033e-02 4.6024e-07 6.1207e-06 6.2692e-06 5.8263e-09 1.8665e-08
1.0510e+03 2.8523e-01 7.4844e-02 5.2414e-07 4.4838e-06 5.4287e-06 6.1836e-09 2.0483e-08
1.0527e+03 2.8480e-01 7.2711e-02 4.6257e-07 2.2321e-06 3.6497e-06 3.8984e-09 1.5344e-08
1.0543e+03 2.8436e-01 7.0632e-02 3.3353e-07 7.3037e-07 1.9387e-06 1.1442e-09 1.0365e-08
1.0559e+03 2.8392e-01 6.8606e-02 2.2153e-07 3.0207e-07 9.6687e-07 3.2662e-10 9.2673e-09
1.0575e+03 2.8349e-01 6.6633e-02 1.6056e-07 3.7531e-07 6.7194e-07 1.3721e-09 8.7418e-09
1.0591e+03 2.8306e-01 6.4710e-02 1.3056e-07 3.9261e-07 6.0770e-07 2.1320e-09 5.9549e-09
1.0607e+03 2.8263e-01 6.2837e-02 1.0697e-07 2.7687e-07 4.8251e-07 1.3744e-09 3.1657e-09
1.0624e+03 2.8220e-01 6.1013e-02 8.7889e-08 1.8321e-07 3.0333e-07 2.0739e-10 2.9725e-09
1.0640e+03 2.8177e-01 5.9237e-02 7.7491e-08 1.5921e-07 1.6860e-07 1.3276e-10 3.8991e-09
1.0656e+03 2.8134e-01 5.7506e-02 6.8289e-08 1.3853e-07 9.8576e-08 8.8360e-10 3.3192e-09
1.0672e+03 2.8091e-01 5.5822e-02 5.0381e-08 8.8089e-08 5.7642e-08 1.1465e-09 1.4867e-09
1.0688e+03 2.8049e-01 5.4182e-02 2.6875e-08 3.6922e-08 2.6751e-08 6.1979e-10 2.5848e-10
1.0704e+03 2.8006e-01 5.2585e-02 9.8420e-09 9.7153e-09 8.7422e-09 1.6710e-10 4.2113e-11
1.0721e+03 2.7964e-01 5.1031e-02 5.0541e-09 1.2393e-09 3.0444e-09 2.7487e-10 4.7844e-11
1.0737e+03 2.7922e-01 4.9518e-02 7.5886e-09 4.1932e-10 3.2815e-09 4.9092e-10 4.4881e-11
1.0753e+03 2.7880e-01 4.8046e-02 1.0301e-08 2.6978e-09 5.1094e-09 4.0445e-10 2.2518e-10
1.0769e+03 2.7838e-01 4.6613e-02 1.0816e-08 4.3327e-09 5.4517e-09 2.5029e-10 3.4139e-10
1.0785e+03 2.7796e-01 4.5219e-02 1.0269e-08 3.0467e-09 2.7216e-09 3.1802e-10 1.5932e-10
1.0801e+03 2.7755e-01 4.3863e-02 9.6156e-09 1.2779e-09 1.2695e-10 4.4426e-10 8.4214e-12
1.0818e+03 2.7713e-01 4.2543e-02 8.8697e-09 1.2863e-09 1.1136e-09 3.9038e-10 1.3357e-10
1.0834e+03 2.7672e-01 4.1260e-02 8.0359e-09 1.4907e-09 2.9464e-09 2.6338e-10 2.2628e-10
1.0850e+03 2.7631e-01 4.0011e-02 7.3130e-09 6.2821e-10 1.7671e-09 2.7380e-10 9.0889e-11
1.0866e+03 2.7590e-01 3.8797e-02 6.7748e-09 9.6990e-11 6.6908e-11 3.7328e-10 2.2472e-11
1.0882e+03 2.7549e-01 3.7616e-02 6.3440e-09 4.9175e-10 1.6258e-09 3.8049e-10 1.5692e-10
1.0898e+03 2.7508e-01 3.6468e-02 5.9170e-09 5.4870e-10 3.7589e-09 2.8821e-10 1.9513e-10
1.0915e+03 2.7467e-01 3.5352e-02 5.4457e-09 9.0112e-11 2.4694e-09 2.4303e-10 5.0781e-11
1.0931e+03 2.7426e-01 3.4267e-02 5.0112e-09 1.2135e-10 4.6960e-10 3.0258e-10 3.5732e-11
1.0947e+03 2.7386e-01 3.3212e-02 4.7257e-09 4.1262e-10 2.0219e-09 3.6217e-10 1.9757e-10
1.0963e+03 2.7345e-01 3.2187e-02 4.5102e-09 1.8950e-10 4.5180e-09 3.2160e-10 2.0474e-10
1.0979e+03 2.7305e-01 3.1190e-02 4.1843e-09 4.7147e-11 3.4037e-09 2.3642e-10 3.5625e-11
1.0995e+03 2.7265e-01 3.0222e-02 3.7971e-09 5.4539e-10 1.0326e-09 2.3871e-10 4.4357e-11
1.1012e+03 2.7225e-01 2.9281e-02 3.5662e-09 7.1967e-10 2.2065e-09 3.2714e-10 2.3739e-10
1.1028e+03 2.7185e-01 2.8367e-02 3.4689e-09 1.5711e-10 4.9290e-09 3.4966e-10 2.3625e-10
1.1044e+03 2.7145e-01 2.7479e-02 3.2590e-09 1.6837e-10 4.2085e-09 2.5100e-10 3.8893e-11
1.1060e+03 2.7106e-01 2.6616e-02 2.9239e-09 1.0746e-09 1.6083e-09 1.9087e-10 4.7655e-11
1.1076e+03 2.7066e-01 2.5778e-02 2.7195e-09 1.2277e-09 2.2369e-09 2.8089e-10 2.6925e-10
1.1092e+03 2.7027e-01 2.4964e-02 2.6876e-09 3.2231e-10 5.0108e-09 3.6554e-10 2.7889e-10
1.1109e+03 2.6987e-01 2.4174e-02 2.5676e-09 3.1164e-10 4.7816e-09 2.7920e-10 5.6622e-11
1.1125e+03 2.6948e-01 2.3406e-02 2.2852e-09 1.5465e-09 2.1306e-09 1.6227e-10 4.6605e-11
1.1141e+03 2.6909e-01 2.2661e-02 2.0937e-09 1.7970e-09 2.1722e-09 2.2995e-10 2.8900e-10
1.1157e+03 2.6870e-01 2.1938e-02 2.0936e-09 6.0220e-10 4.8330e-09 3.6657e-10 3.2399e-10
1.1173e+03 2.6831e-01 2.1236e-02 2.0411e-09 4.2439e-10 5.1061e-09 3.1326e-10 8.5151e-11
1.1190e+03 2.6792e-01 2.0554e-02 1.8098e-09 1.8855e-09 2.5709e-09 1.5267e-10 4.3170e-11
1.1206e+03 2.6754e-01 1.9893e-02 1.6264e-09 2.3350e-09 2.0628e-09 1.8023e-10 2.9531e-10
1.1222e+03 2.6715e-01 1.9251e-02 1.6369e-09 9.4403e-10 4.4751e-09 3.5287e-10 3.6515e-10
1.1238e+03 2.6677e-01 1.8628e-02 1.6331e-09 4.9936e-10 5.2031e-09 3.4655e-10 1.2104e-10
1.1254e+03 2.6638e-01 1.8023e-02 1.4502e-09 2.0697e-09 2.9182e-09 1.5969e-10 3.9534e-11
1.1270e+03 2.6600e-01 1.7437e-02 1.2742e-09 2.7850e-09 1.9451e-09 1.3645e-10 2.8888e-10
1.1287e+03 2.6562e-01 1.6868e-02 1.2828e-09 1.3116e-09 4.0095e-09 3.2640e-10 3.9806e-10
1.1303e+03 2.6524e-01 1.6316e-02 1.3123e-09 5.4864e-10 5.1090e-09 3.7397e-10 1.6106e-10
1.1319e+03 2.6486e-01 1.5781e-02 1.1739e-09 2.1080e-09 3.1702e-09 1.7974e-10 3.7645e-11
1.1335e+03 2.6448e-01 1.5262e-02 1.0069e-09 3.1162e-09 1.8415e-09 1.0197e-10 2.7164e-10
1.1351e+03 2.6411e-01 1.4759e-02 1.0067e-09 1.6779e-09 3.4958e-09 2.9024e-10 4.2010e-10
1.1367e+03 2.6373e-01 1.4271e-02 1.0570e-09 5.8950e-10 4.8647e-09 3.9204e-10 2.0224e-10
1.1384e+03 2.6336e-01 1.3798e-02 9.5840e-10 2.0255e-09 3.3292e-09 2.0862e-10 3.8962e-11
1.1400e+03 2.6298e-01 1.3340e-02 8.0285e-10 3.3166e-09 1.7627e-09 7.8733e-11 2.4625e-10
1.1416e+03 2.6261e-01 1.2895e-02 7.9054e-10 2.0213e-09 2.9793e-09 2.4801e-10 4.3010e-10
1.1432e+03 2.6224e-01 1.2464e-02 8.5187e-10 6.3738e-10 4.5108e-09 3.9885e-10 2.4190e-10
1.1448e+03 2.6187e-01 1.2047e-02 7.8792e-10 1.8544e-09 3.4005e-09 2.4206e-10 4.4346e-11
1.1464e+03 2.6150e-01 1.1642e-02 6.4614e-10 3.3875e-09 1.7110e-09 6.7417e-11 2.1559e-10
1.1481e+03 2.6113e-01 1.1250e-02 6.2117e-10 2.3245e-09 2.4924e-09 2.0340e-10 4.2803e-10
1.1497e+03 2.6076e-01 1.0871e-02 6.8586e-10 7.0282e-10 4.0841e-09 3.9388e-10 2.7776e-10
1.1513e+03 2.6040e-01 1.0503e-02 6.5121e-10 1.6277e-09 3.3912e-09 2.7609e-10 5.4066e-11
1.1529e+03 2.6003e-01 1.0146e-02 5.2509e-10 3.3396e-09 1.6831e-09 6.7589e-11 1.8252e-10
1.1545e+03 2.5967e-01 9.8012e-03 4.8851e-10 2.5742e-09 2.0559e-09 1.5985e-10 4.1474e-10
1.1561e+03 2.5930e-01 9.4669e-03 5.5089e-10 7.9069e-10 3.6171e-09 3.7777e-10 3.0799e-10
1.1578e+03 2.5894e-01 9.1432e-03 5.4016e-10 1.3759e-09 3.3105e-09 3.0725e-10 6.7855e-11
1.1594e+03 2.5858e-01 8.8298e-03 4.3096e-10 3.1896e-09 1.6722e-09 7.7948e-11 1.4960e-10
1.1610e+03 2.5822e-01 8.5263e-03 3.8479e-10 2.7608e-09 1.6816e-09 1.2027e-10 3.9171e-10
1.1626e+03 2.5786e-01 8.2325e-03 4.4090e-10 9.0066e-10 3.1369e-09 3.5200e-10 3.3123e-10
1.1642e+03 2.5750e-01 7.9482e-03 4.4891e-10 1.1249e-09 3.1686e-09 3.3284e-10 8.5019e-11
1.1658e+03 2.5715e-01 7.6729e-03 3.5719e-10 2.9579e-09 1.6705e-09 9.6565e-11 1.1895e-10
1.1675e+03 2.5679e-01 7.4065e-03 3.0395e-10 2.8787e-09 1.3738e-09 8.6910e-11 3.6083e-10
1.1691e+03 2.5643e-01 7.1488e-03 3.5122e-10 1.0283e-09 2.6654e-09 3.1866e-10 3.4663e-10
1.1707e+03 2.5608e-01 6.8993e-03 3.7316e-10 8.9461e-10 2.9766e-09 3.5092e-10 1.0456e-10
1.1723e+03 2.5573e-01 6.6580e-03 2.9882e-10 2.6666e-09 1.6697e-09 1.2113e-10 9.2217e-11
1.1739e+03 2.5538e-01 6.4245e-03 2.4119e-10 2.9263e-09 1.1312e-09 6.1281e-11 3.2423e-10
1.1755e+03 2.5502e-01 6.1987e-03 2.7825e-10 1.1662e-09 2.2195e-09 2.8018e-10 3.5382e-10
1.1772e+03 2.5467e-01 5.9803e-03 3.0975e-10 6.9929e-10 2.7461e-09 3.6039e-10 1.2528e-10
1.1788e+03 2.5432e-01 5.7690e-03 2.5210e-10 2.3374e-09 1.6628e-09 1.4917e-10 7.0482e-11
1.1804e+03 2.5398e-01 5.5647e-03 1.9267e-10 2.9053e-09 9.4880e-10 4.4166e-11 2.8408e-10
1.1820e+03 2.5363e-01 5.3671e-03 2.1907e-10 1.3057e-09 1.8115e-09 2.3908e-10 3.5290e-10
1.1836e+03 2.5328e-01 5.1761e-03 2.5634e-10 5.4739e-10 2.4887e-09 3.6086e-10 1.4595e-10
1.1852e+03 2.5294e-01 4.9915e-03 2.1420e-10 1.9910e-09 1.6440e-09 1.7828e-10 5.4331e-11
1.1869e+03 2.5259e-01 4.8130e-03 1.5533e-10 2.8207e-09 8.1894e-10 3.5662e-11 2.4246e-10
1.1885e+03 2.5225e-01 4.6404e-03 1.7134e-10 1.4376e-09 1.4493e-09 1.9778e-10 3.4435e-10
1.1901e+03 2.5191e-01 4.4737e-03 2.1117e-10 4.4233e-10 2.2154e-09 3.5264e-10 1.6537e-10
1.1917e+03 2.5156e-01 4.3125e-03 1.8300e-10 1.6455e-09 1.6096e-09 2.0624e-10 4.3881e-11
1.1933e+03 2.5122e-01 4.1568e-03 1.2668e-10 2.6801e-09 7.3261e-10 3.5275e-11 2.0127e-10
1.1950e+03 2.5088e-01 4.0063e-03 1.3312e-10 1.5533e-09 1.1372e-09 1.5843e-10 3.2896e-10
1.1966e+03 2.5054e-01 3.8609e-03 1.7290e-10 3.8334e-10 1.9365e-09 3.3659e-10 1.8246e-10
1.1982e+03 2.5021e-01 3.7205e-03 1.5692e-10 1.3162e-09 1.5573e-09 2.3116e-10 3.8857e-11
1.1998e+03 2.4987e-01 3.5848e-03 1.0476e-10 2.4930e-09 6.8032e-10 4.2041e-11 1.6211e-10
1.2014e+03 2.4953e-01 3.4538e-03 1.0280e-10 1.6455e-09 8.7636e-10 1.2285e-10 3.0781e-10
1.2030e+03 2.4920e-01 3.3273e-03 1.4047e-10 3.6631e-10 1.6612e-09 3.1395e-10 1.9634e-10
1.2047e+03 2.4886e-01 3.2051e-03 1.3479e-10 1.0154e-09 1.4869e-09 2.5156e-10 3.8670e-11
1.2063e+03 2.4853e-01 3.0872e-03 8.7972e-11 2.2701e-09 6.5285e-10 5.4650e-11 1.2630e-10
1.2079e+03 2.4820e-01 2.9733e-03 7.8999e-11 1.7089e-09 6.6540e-10 9.2393e-11 2.8211e-10
1.2095e+03 2.4786e-01 2.8633e-03 1.1308e-10 3.8481e-10 1.3971e-09 2.8627e-10 2.0638e-10
1.2111e+03 2.4753e-01 2.7572e-03 1.1574e-10 7.5157e-10 1.3993e-09 2.6641e-10 4.2512e-11
1.2127e+03 2.4720e-01 2.6547e-03 7.5050e-11 2.0225e-09 6.4168e-10 7.1587e-11 9.4800e-11
1.2144e+03 2.4687e-01 2.5558e-03 6.0563e-11 1.7399e-09 5.0104e-10 6.7964e-11 2.5315e-10
1.2160e+03 2.4655e-01 2.4604e-03 9.0047e-11 4.3093e-10 1.1506e-09 2.5522e-10 2.1216e-10
1.2176e+03 2.4622e-01 2.3684e-03 9.9153e-11 5.3032e-10 1.2970e-09 2.7512e-10 4.9432e-11
1.2192e+03 2.4589e-01 2.2795e-03 6.5001e-11 1.7614e-09 6.3943e-10 9.1248e-11 6.8219e-11
1.2208e+03 2.4557e-01 2.1939e-03 4.6495e-11 1.7373e-09 3.7857e-10 5.0013e-11 2.2226e-10
1.2224e+03 2.4524e-01 2.1112e-03 7.0811e-11 4.9611e-10 9.2646e-10 2.2248e-10 2.1354e-10
1.2241e+03 2.4492e-01 2.0315e-03 8.4586e-11 3.5409e-10 1.1829e-09 2.7756e-10 5.8427e-11
1.2257e+03 2.4459e-01 1.9546e-03 5.7051e-11 1.4974e-09 6.4003e-10 1.1206e-10 4.6852e-11
1.2273e+03 2.4427e-01 1.8804e-03 3.5946e-11 1.7016e-09 2.9241e-10 3.8570e-11 1.9068e-10
1.2289e+03 2.4395e-01 1.8089e-03 5.4891e-11 5.7184e-10 7.2776e-10 1.8966e-10 2.1062e-10
1.2305e+03 2.4363e-01 1.7400e-03 7.1721e-11 2.2268e-10 1.0607e-09 2.7395e-10 6.8504e-11
1.2321e+03 2.4331e-01 1.6735e-03 5.0607e-11 1.2398e-09 6.3876e-10 1.3256e-10 3.0700e-11
1.2338e+03 2.4299e-01 1.6094e-03 2.8193e-11 1.6351e-09 2.3651e-10 3.3297e-11 1.5956e-10
1.2354e+03 2.4267e-01 1.5477e-03 4.1862e-11 6.5017e-10 5.5630e-10 1.5818e-10 2.0368e-10
1.2370e+03 2.4236e-01 1.4882e-03 6.0332e-11 1.3370e-10 9.3432e-10 2.6485e-10 7.8743e-11
1.2386e+03 2.4204e-01 1.4308e-03 4.5225e-11 9.9681e-10 6.3230e-10 1.5150e-10 1.9518e-11
1.2402e+03 2.4172e-01 1.3755e-03 2.2624e-11 1.5416e-09 2.0474e-10 3.3561e-11 1.2990e-10
1.2418e+03 2.4141e-01 1.3223e-03 3.1346e-11 7.2416e-10 4.1251e-10 1.2924e-10 1.9319e-10
1.2435e+03 2.4110e-01 1.2709e-03 5.0259e-11 8.3068e-11 8.0754e-10 2.5106e-10 8.8336e-11
1.2451e+03 2.4078e-01 1.2215e-03 4.0579e-11 7.7475e-10 6.1858e-10 1.6785e-10 1.2859e-11
1.2467e+03 2.4047e-01 1.1739e-03 1.8727e-11 1.4260e-09 1.9124e-10 3.8509e-11 1.0250e-10
1.2483e+03 2.4016e-01 1.1280e-03 2.2998e-11 7.8817e-10 2.9574e-10 1.0377e-10 1.7974e-10
1.2499e+03 2.3985e-01 1.0839e-03 4.1381e-11 6.5456e-11 6.8390e-10 2.3354e-10 9.6623e-11
1.2515e+03 2.3954e-01 1.0413e-03 3.6441e-11 5.7841e-10 5.9665e-10 1.8085e-10 1.0133e-11
1.2532e+03 2.3923e-01 1.0004e-03 1.6074e-11 1.2936e-09 1.9057e-10 4.7145e-11 7.7983e-11
1.2548e+03 2.3892e-01 9.6094e-04 1.6503e-11 8.3794e-10 2.0438e-10 8.2404e-11 1.6400e-10
1.2564e+03 2.3861e-01 9.2298e-04 3.3608e-11 7.4802e-11 5.6651e-10 2.1336e-10 1.0311e-10
1.2580e+03 2.3831e-01 8.8644e-04 3.2657e-11 4.1085e-10 5.6651e-10 1.9004e-10 1.0654e-11
1.2596e+03 2.3800e-01 8.5127e-04 1.4317e-11 1.1503e-09 1.9797e-10 5.8410e-11 5.6769e-11
1.2612e+03 2.3770e-01 8.1743e-04 1.1576e-11 8.7070e-10 1.3615e-10 6.5498e-11 1.4669e-10
1.2629e+03 2.3739e-01 7.8485e-04 2.6862e-11 1.0473e-10 4.5792e-10 1.9159e-10 1.0746e-10
1.2645e+03 2.3709e-01 7.5351e-04 2.9128e-11 2.7349e-10 5.2890e-10 1.9521e-10 1.3692e-11
1.2661e+03 2.3678e-01 7.2335e-04 1.3177e-11 1.0017e-09 2.0939e-10 7.1245e-11 3.9082e-11
1.2677e+03 2.3648e-01 6.9434e-04 7.9531e-12 8.8507e-10 8.8253e-11 5.3139e-11 1.2851e-10
1.2693e+03 2.3618e-01 6.6643e-04 2.1072e-11 1.4894e-10 3.6007e-10 1.6928e-10 1.0951e-10
1.2709e+03 2.3588e-01 6.3958e-04 2.5802e-11 1.6631e-10 4.8509e-10 1.9640e-10 1.8514e-11
1.2726e+03 2.3558e-01 6.1376e-04 1.2434e-11 8.5325e-10 2.2159e-10 8.4653e-11 2.4973e-11
1.2742e+03 2.3528e-01 5.8893e-04 5.3992e-12 8.8094e-10 5.7628e-11 4.5180e-11 1.1014e-10
1.2758e+03 2.3498e-01 5.6505e-04 1.6170e-11 2.0150e-10 2.7424e-10 1.4737e-10 1.0924e-10
1.2774e+03 2.3469e-01 5.4210e-04 2.2655e-11 8.8027e-11 4.3670e-10 1.9384e-10 2.4424e-11
1.2790e+03 2.3439e-01 5.2002e-04 1.1921e-11 7.0977e-10 2.3211e-10 9.7740e-11 1.4338e-11
1.2807e+03 2.3409e-01 4.9881e-04 3.7019e-12 8.5930e-10 4.1096e-11 4.1279e-11 9.2198e-11
1.2823e+03 2.3380e-01 4.7841e-04 1.2086e-11 2.5709e-10 2.0109e-10 1.2668e-10 1.0677e-10
1.2839e+03 2.3350e-01 4.5881e-04 1.9681e-11 3.6353e-11 3.8552e-10 1.8797e-10 3.0788e-11
1.2855e+03 2.3321e-01 4.3997e-04 1.1514e-11 5.7533e-10 2.3924e-10 1.0976e-10 6.9446e-12
1.2871e+03 2.3292e-01 4.2186e-04 2.6737e-12 8.2200e-10 3.5535e-11 4.0940e-11 7.5200e-11
1.2887e+03 2.3263e-01 4.0447e-04 8.7485e-12 3.1120e-10 1.4073e-10 1.0787e-10 1.0232e-10
1.2904e+03 2.3233e-01 3.8775e-04 1.6890e-11 8.2325e-12 3.3338e-10 1.7931e-10 3.7060e-11
1.2920e+03 2.3204e-01 3.7169e-04 1.1128e-11 4.5317e-10 2.4194e-10 1.2011e-10 2.4610e-12
1.2936e+03 2.3175e-01 3.5627e-04 2.1512e-12 7.7153e-10 3.8005e-11 4.3564e-11 5.9576e-11
1.2952e+03 2.3146e-01 3.4146e-04 6.0837e-12 3.6019e-10 9.2753e-11 9.1432e-11 9.6169e-11
1.2968e+03 2.3118e-01 3.2723e-04 1.4296e-11 1.0126e-13 2.8197e-10 1.6848e-10 4.2794e-11
1.2984e+03 2.3089e-01 3.1356e-04 1.0707e-11 3.4564e-10 2.3977e-10 1.2839e-10 4.8583e-13
1.3001e+03 2.3060e-01 3.0044e-04 1.9946e-12 7.1080e-10 4.5846e-11 4.8492e-11 4.5646e-11
1.3017e+03 2.3031e-01 2.8785e-04 4.0158e-12 4.0135e-10 5.6344e-11 7.7676e-11 8.8685e-11
1.3033e+03 2.3003e-01 2.7575e-04 1.1916e-11 8.1272e-12 2.3284e-10 1.5614e-10 4.7649e-11
1.3049e+03 2.2974e-01 2.6414e-04 1.0220e-11 2.5420e-10 2.3277e-10 1.3433e-10 5.7663e-13
1.3065e+03 2.2946e-01 2.5300e-04 2.0867e-12 6.4292e-10 5.6744e-11 5.5051e-11 3.3620e-11
1.3081e+03 2.2917e-01 2.4230e-04 2.4687e-12 4.3288e-10 3.0377e-11 6.6754e-11 8.0240e-11
1.3098e+03 2.2889e-01 2.3204e-04 9.7632e-12 2.8425e-11 1.8723e-10 1.4292e-10 5.1390e-11
1.3114e+03 2.2861e-01 2.2219e-04 9.6553e-12 1.7946e-10 2.2135e-10 1.3784e-10 2.2759e-12
1.3130e+03 2.2833e-01 2.1274e-04 2.3313e-12 5.7100e-10 6.8776e-11 6.2583e-11 2.3607e-11
1.3146e+03 2.2805e-01 2.0367e-04 1.3672e-12 4.5382e-10 1.3512e-11 5.8664e-11 7.1215e-11
1.3162e+03 2.2777e-01 1.9497e-04 7.8479e-12 5.7244e-11 1.4611e-10 1.2945e-10 5.3884e-11
1.3178e+03 2.2749e-01 1.8663e-04 9.0144e-12 1.2130e-10 2.0619e-10 1.3897e-10 5.1341e-12
1.3195e+03 2.2721e-01 1.7863e-04 2.6521e-12 4.9796e-10 8.0419e-11 7.0484e-11 1.5620e-11
1.3211e+03 2.2693e-01 1.7095e-04 6.3855e-13 4.6398e-10 4.2837e-12 5.3273e-11 6.1976e-11
1.3227e+03 2.2665e-01 1.6359e-04 6.1750e-12 9.1116e-11 1.1015e-10 1.1627e-10 5.5089e-11
1.3243e+03 2.2638e-01 1.5653e-04 8.3091e-12 7.8945e-11 1.8815e-10 1.3788e-10 8.7295e-12
1.3259e+03 2.2610e-01 1.4977e-04 2.9905e-12 4.2647e-10 9.0545e-11 7.8224e-11 9.5901e-12
1.3275e+03 2.2583e-01 1.4328e-04 2.1386e-13 4.6379e-10 1.1903e-12 5.0346e-11 5.2857e-11
1.3292e+03 2.2555e-01 1.3706e-04 4.7435e-12 1.2697e-10 7.9703e-11 1.0383e-10 5.5042e-11
1.3308e+03 2.2528e-01 1.3110e-04 7.5571e-12 5.1088e-11 1.6816e-10 1.3483e-10 1.2682e-11
1.3324e+03 2.2500e-01 1.2539e-04 3.3039e-12 3.5880e-10 9.8395e-11 8.5361e-11 5.3822e-12
1.3340e+03 2.2473e-01 1.1991e-04 2.9242e-14 4.5419e-10 2.7654e-12 4.9565e-11 4.4147e-11
1.3356e+03 2.2446e-01 1.1467e-04 3.5469e-12 1.6221e-10 5.4859e-11 9.2522e-11 5.3841e-11
1.3372e+03 2.2419e-01 1.0964e-04 6.7792e-12 3.6051e-11 1.4716e-10 1.3015e-10 1.6666e-11
1.3389e+03 2.2392e-01 1.0483e-04 3.5633e-12 2.9675e-10 1.0354e-10 9.1553e-11 2.8074e-12
1.3405e+03 2.2365e-01 1.0021e-04 2.6732e-14 4.3651e-10 7.6377e-12 5.0563e-11 3.6082e-11
1.3421e+03 2.2338e-01 9.5796e-05 2.5735e-12 1.9476e-10 3.5459e-11 8.2598e-11 5.1636e-11
1.3437e+03 2.2311e-01 9.1564e-05 5.9972e-12 3.1896e-11 1.2603e-10 1.2418e-10 2.0413e-11
1.3453e+03 2.2284e-01 8.7511e-05 3.7512e-12 2.4167e-10 1.0584e-10 9.6560e-11 1.6414e-12
1.3469e+03 2.2257e-01 8.3630e-05 1.5501e-13 4.1230e-10 1.4576e-11 5.2944e-11 2.8842e-11
1.3486e+03 2.2231e-01 7.9914e-05 1.8072e-12 2.2306e-10 2.1149e-11 7.4230e-11 4.8609e-11
1.3502e+03 2.2204e-01 7.6356e-05 5.2319e-12 3.6556e-11 1.0556e-10 1.1731e-10 2.3719e-11
1.3518e+03 2.2177e-01 7.2950e-05 3.8596e-12 1.9444e-10 1.0537e-10 1.0024e-10 1.6392e-12
1.3534e+03 2.2151e-01 6.9689e-05 3.6975e-13 3.8323e-10 2.2520e-11 5.6313e-11 2.2550e-11
1.3550e+03 2.2124e-01 6.6569e-05 1.2288e-12 2.4606e-10 1.1422e-11 6.7495e-11 4.4957e-11
1.3566e+03 2.2098e-01 6.3582e-05 4.5016e-12 4.7946e-11 8.6403e-11 1.0991e-10 2.6438e-11
1.3583e+03 2.2072e-01 6.0724e-05 3.8880e-12 1.5549e-10 1.0240e-10 1.0254e-10 2.5488e-12
1.3599e+03 2.2045e-01 5.7989e-05 6.3373e-13 3.5100e-10 3.0599e-11 6.0287e-11 1.7273e-11
1.3615e+03 2.2019e-01 5.5372e-05 8.1643e-13 2.6319e-10 5.6702e-12 6.2382e-11 4.0886e-11
1.3631e+03 2.1993e-01 5.2868e-05 3.8219e-12 6.4059e-11 6.9056e-11 1.0233e-10 2.8485e-11
1.3647e+03 2.1967e-01 5.0474e-05 3.8416e-12 1.2484e-10 9.7301e-11 1.0348e-10 4.1238e-12
1.3664e+03 2.1941e-01 4.8183e-05 9.1669e-13 3.1722e-10 3.8133e-11 6.4520e-11 1.3027e-11
1.3680e+03 2.1915e-01 4.5992e-05 5.4708e-13 2.7429e-10 3.2237e-12 5.8812e-11 3.6592e-11
1.3696e+03 2.1889e-01 4.3897e-05 3.2047e-12 8.3040e-11 5.3873e-11 9.4865e-11 2.9824e-11
1.3712e+03 2.1863e-01 4.1893e-05 3.7293e-12 1.0217e-10 9.0539e-11 1.0317e-10 6.1330e-12
1.3728e+03 2.1838e-01 3.9977e-05 1.1950e-12 2.8336e-10 4.4631e-11 6.8708e-11 9.7854e-12
1.3744e+03 2.1812e-01 3.8146e-05 3.9735e-13 2.7954e-10 3.3973e-12 5.6647e-11 3.2259e-11
1.3761e+03 2.1786e-01 3.6395e-05 2.6580e-12 1.0325e-10 4.1054e-11 8.7786e-11 3.0466e-11
1.3777e+03 2.1761e-01 3.4721e-05 3.5627e-12 8.6894e-11 8.2602e-11 1.0173e-10 8.3686e-12
1.3793e+03 2.1735e-01 3.3121e-05 1.4511e-12 2.5069e-10 4.9777e-11 7.2601e-11 7.4846e-12
1.3809e+03 2.1710e-01 3.1593e-05 3.4434e-13 2.7942e-10 5.5221e-12 5.5708e-11 2.8047e-11
1.3825e+03 2.1684e-01 3.0132e-05 2.1864e-12 1.2330e-10 3.0664e-11 8.1298e-11 3.0454e-11
1.3841e+03 2.1659e-01 2.8736e-05 3.3545e-12 7.8193e-11 7.3971e-11 9.9361e-11 1.0651e-11
1.3858e+03 2.1634e-01 2.7402e-05 1.6730e-12 2.2023e-10 5.3410e-11 7.6006e-11 6.0326e-12
1.3874e+03 2.1609e-01 2.6127e-05 3.6635e-13 2.7459e-10 8.9753e-12 5.5789e-11 2.4087e-11
1.3890e+03 2.1584e-01 2.4910e-05 1.7914e-12 1.4206e-10 2.2652e-11 7.5549e-11 2.9864e-11
1.3906e+03 2.1558e-01 2.3747e-05 3.1177e-12 7.5122e-11 6.5100e-11 9.6251e-11 1.2834e-11
1.3922e+03 2.1533e-01 2.2637e-05 1.8534e-12 1.9279e-10 5.5498e-11 7.8785e-11 5.3179e-12
1.3938e+03 2.1508e-01 2.1577e-05 4.4340e-13 2.6585e-10 1.3201e-11 5.6670e-11 2.0484e-11
1.3955e+03 2.1483e-01 2.0564e-05 1.4712e-12 1.5870e-10 1.6866e-11 7.0635e-11 2.8786e-11
1.3971e+03 2.1459e-01 1.9597e-05 2.8648e-12 7.6658e-11 5.6384e-11 9.2609e-11 1.4804e-11
1.3987e+03 2.1434e-01 1.8674e-05 1.9889e-12 1.6888e-10 5.6116e-11 8.0857e-11 5.2171e-12
1.4003e+03 2.1409e-01 1.7793e-05 5.5771e-13 2.5410e-10 1.7723e-11 5.8132e-11 1.7311e-11
1.4019e+03 2.1384e-01 1.6952e-05 1.2219e-12 1.7263e-10 1.3085e-11 6.6600e-11 2.7324e-11
1.4035e+03 2.1360e-01 1.6149e-05 2.6070e-12 8.1758e-11 4.8153e-11 8.8640e-11 1.6477e-11
1.4052e+03 2.1335e-01 1.5382e-05 2.0795e-12 1.4884e-10 5.5415e-11 8.2189e-11 5.6026e-12
1.4068e+03 2.1311e-01 1.4651e-05 6.9388e-13 2.4021e-10 2.2156e-11 5.9965e-11 1.4612e-11
1.4084e+03 2.1286e-01 1.3954e-05 1.0376e-12 1.8352e-10 1.1035e-11 6.3441e-11 2.5583e-11
1.4100e+03 2.1262e-01 1.3288e-05 2.3542e-12 8.9412e-11 4.0662e-11 8.4533e-11 1.7805e-11
1.4116e+03 2.1237e-01 1.2653e-05 2.1275e-12 1.3273e-10 5.3603e-11 8.2794e-11 6.3488e-12
1.4132e+03 2.1213e-01 1.2047e-05 8.3906e-13 2.2504e-10 2.6204e-11 6.1981e-11 1.2406e-11
1.4149e+03 2.1189e-01 1.1469e-05 9.1131e-13 1.9127e-10 1.0414e-11 6.1119e-11 2.3670e-11
1.4165e+03 2.1165e-01 1.0918e-05 2.1144e-12 9.8683e-11 3.4088e-11 8.0456e-11 1.8763e-11
1.4181e+03 2.1141e-01 1.0393e-05 2.1373e-12 1.2049e-10 5.0916e-11 8.2719e-11 7.3373e-12
1.4197e+03 2.1116e-01 9.8917e-06 9.8291e-13 2.0938e-10 2.9657e-11 6.4011e-11 1.0686e-11
1.4213e+03 2.1092e-01 9.4139e-06 8.3493e-13 1.9592e-10 1.0914e-11 5.9562e-11 2.1680e-11
1.4229e+03 2.1068e-01 8.9584e-06 1.8937e-12 1.0873e-10 2.8536e-11 7.6553e-11 1.9353e-11
1.4246e+03 2.1045e-01 8.5242e-06 2.1143e-12 1.1186e-10 4.7603e-11 8.2037e-11 8.4611e-12
1.4262e+03 2.1021e-01 8.1103e-06 1.1175e-12 1.9391e-10 3.2389e-11 6.5920e-11 9.4270e-12
1.4278e+03 2.0997e-01 7.7158e-06 8.0018e-13 1.9771e-10 1.2233e-11 5.8676e-11 1.9700e-11
1.4294e+03 2.0973e-01 7.3398e-06 1.6966e-12 1.1885e-10 2.4046e-11 7.2936e-11 1.9593e-11
1.4310e+03 2.0949e-01 6.9816e-06 2.0645e-12 1.0649e-10 4.3903e-11 8.0842e-11 9.6275e-12
1.4326e+03 2.0926e-01 6.6402e-06 1.2373e-12 1.7921e-10 3.4340e-11 6.7601e-11 8.5893e-12
1.4343e+03 2.0902e-01 6.3150e-06 7.9877e-13 1.9694e-10 1.4091e-11 5.8355e-11 1.7803e-11
1.4359e+03 2.0879e-01 6.0051e-06 1.5258e-12 1.2845e-10 2.0599e-11 6.9690e-11 1.9519e-11
1.4375e+03 2.0855e-01 5.7100e-06 1.9943e-12 1.0394e-10 4.0040e-11 7.9240e-11 1.0760e-11
1.4391e+03 2.0832e-01 5.4288e-06 1.3385e-12 1.6571e-10 3.5512e-11 6.8979e-11 8.1214e-12
1.4407e+03 2.0808e-01 5.1611e-06 8.2276e-13 1.9403e-10 1.6240e-11 5.8482e-11 1.6046e-11
1.4423e+03 2.0785e-01 4.9061e-06 1.3823e-12 1.3710e-10 1.8130e-11 6.6869e-11 1.9176e-11
1.4440e+03 2.0762e-01 4.6633e-06 1.9097e-12 1.0374e-10 3.6207e-11 7.7338e-11 1.1798e-11
1.4456e+03 2.0739e-01 4.4322e-06 1.4192e-12 1.5373e-10 3.5955e-11 7.0006e-11 7.9653e-12
1.4472e+03 2.0715e-01 4.2121e-06 8.6486e-13 1.8939e-10 1.8470e-11 5.8944e-11 1.4473e-11
1.4488e+03 2.0692e-01 4.0026e-06 1.2660e-12 1.4448e-10 1.6542e-11 6.4499e-11 1.8614e-11
1.4504e+03 2.0669e-01 3.8032e-06 1.8165e-12 1.0540e-10 3.2565e-11 7.5245e-11 1.2698e-11
1.4521e+03 2.0646e-01 3.6134e-06 1.4791e-12 1.4347e-10 3.5751e-11 7.0662e-11 8.0599e-12
1.4537e+03 2.0623e-01 3.4328e-06 9.1854e-13 1.8349e-10 2.0612e-11 5.9629e-11 1.3110e-11
1.4553e+03 2.0600e-01 3.2609e-06 1.1757e-12 1.5040e-10 1.5711e-11 6.2583e-11 1.7887e-11
1.4569e+03 2.0577e-01 3.0973e-06 1.7198e-12 1.0841e-10 2.9234e-11 7.3060e-11 1.3432e-11
1.4585e+03 2.0555e-01 2.9418e-06 1.5189e-12 1.3503e-10 3.5004e-11 7.0950e-11 8.3445e-12
1.4601e+03 2.0532e-01 2.7937e-06 9.7821e-13 1.7675e-10 2.2536e-11 6.0440e-11 1.1972e-11
1.4618e+03 2.0509e-01 2.6529e-06 1.1094e-12 1.5479e-10 1.5503e-11 6.1104e-11 1.7048e-11
1.4634e+03 2.0486e-01 2.5190e-06 1.6238e-12 1.1233e-10 2.6302e-11 7.0873e-11 1.3986e-11
1.4650e+03 2.0464e-01 2.3916e-06 1.5400e-12 1.2839e-10 3.3834e-11 7.0892e-11 8.7612e-12
1.4666e+03 2.0441e-01 2.2705e-06 1.0392e-12 1.6958e-10 2.4157e-11 6.1287e-11 1.1061e-11
1.4682e+03 2.0419e-01 2.1553e-06 1.0644e-12 1.5766e-10 1.5778e-11 6.0027e-11 1.6147e-11
1.4698e+03 2.0396e-01 2.0458e-06 1.5321e-12 1.1675e-10 2.3820e-11 6.8758e-11 1.4357e-11
1.4715e+03 2.0374e-01 1.9417e-06 1.5447e-12 1.2347e-10 3.2359e-11 7.0524e-11 9.2574e-12
1.4731e+03 2.0352e-01 1.8428e-06 1.0978e-12 1.6233e-10 2.5423e-11 6.2098e-11 1.0369e-11
1.4747e+03 2.0329e-01 1.7487e-06 1.0378e-12 1.5910e-10 1.6402e-11 5.9308e-11 1.5228e-11
1.4763e+03 2.0307e-01 1.6593e-06 1.4472e-12 1.2131e-10 2.1805e-11 6.6777e-11 1.4554e-11
1.4779e+03 2.0285e-01 1.5743e-06 1.5356e-12 1.2013e-10 3.0695e-11 6.9892e-11 9.7871e-12
1.4795e+03 2.0263e-01 1.4936e-06 1.1514e-12 1.5529e-10 2.6314e-11 6.2818e-11 9.8785e-12
1.4812e+03 2.0240e-01 1.4169e-06 1.0263e-12 1.5925e-10 1.7250e-11 5.8892e-11 1.4329e-11
1.4828e+03 2.0218e-01 1.3440e-06 1.3712e-12 1.2572e-10 2.0252e-11 6.4975e-11 1.4591e-11
1.4844e+03 2.0196e-01 1.2748e-06 1.5154e-12 1.1818e-10 2.8949e-11 6.9048e-11 1.0312e-11
1.4860e+03 2.0174e-01 1.2090e-06 1.1980e-12 1.4872e-10 2.6837e-11 6.3404e-11 9.5688e-12
1.4876e+03 2.0152e-01 1.1466e-06 1.0270e-12 1.5830e-10 1.8213e-11 5.8723e-11 1.3481e-11
1.4892e+03 2.0131e-01 1.0872e-06 1.3050e-12 1.2975e-10 1.9132e-11 6.3383e-11 1.4490e-11
1.4909e+03 2.0109e-01 1.0309e-06 1.4868e-12 1.1739e-10 2.7209e-11 6.8047e-11 1.0801e-11
1.4925e+03 2.0087e-01 9.7741e-07 1.2364e-12 1.4277e-10 2.7019e-11 6.3831e-11 9.4134e-12
1.4941e+03 2.0065e-01 9.2663e-07 1.0367e-12 1.5645e-10 1.9198e-11 5.8742e-11 1.2708e-11
1.4957e+03 2.0044e-01 8.7841e-07 1.2493e-12 1.3324e-10 1.8400e-11 6.2016e-11 1.4275e-11
1.4973e+03 2.0022e-01 8.3265e-07 1.4524e-12 1.1755e-10 2.5551e-11 6.6943e-11 1.1233e-11
1.4989e+03 2.0000e-01 7.8921e-07 1.2661e-12 1.3757e-10 2.6902e-11 6.4085e-11 9.3844e-12
1.5006e+03 1.9979e-01 7.4798e-07 1.0528e-12 1.5392e-10 2.0133e-11 5.8896e-11 1.2025e-11
1.5022e+03 1.9957e-01 7.0886e-07 1.2040e-12 1.3608e-10 1.8001e-11 6.0879e-11 1.3970e-11
1.5038e+03 1.9936e-01 6.7173e-07 1.4146e-12 1.1843e-10 2.4032e-11 6.5786e-11 1.1591e-11
1.5054e+03 1.9914e-01 6.3651e-07 1.2873e-12 1.3319e-10 2.6537e-11 6.4167e-11 9.4537e-12
1.5070e+03 1.9893e-01 6.0309e-07 1.0728e-12 1.5092e-10 2.0962e-11 5.9132e-11 1.1442e-11
1.5086e+03 1.9872e-01 5.7139e-07 1.1686e-12 1.3823e-10 1.7876e-11 5.9965e-11 1.3603e-11
1.5103e+03 1.9850e-01 5.4132e-07 1.3755e-12 1.1981e-10 2.2689e-11 6.4622e-11 1.1868e-11
1.5119e+03 1.9829e-01 5.1280e-07 1.3004e-12 1.2963e-10 2.5980e-11 6.4084e-11 9.5942e-12
1.5135e+03 1.9808e-01 4.8575e-07 1.0946e-12 1.4764e-10 2.1649e-11 5.9407e-11 1.0962e-11
1.5151e+03 1.9787e-01 4.6010e-07 1.1423e-12 1.3969e-10 1.7962e-11 5.9259e-11 1.3196e-11
1.5167e+03 1.9766e-01 4.3579e-07 1.3368e-12 1.2149e-10 2.1546e-11 6.3490e-11 1.2062e-11
1.5183e+03 1.9745e-01 4.1273e-07 1.3062e-12 1.2688e-10 2.5286e-11 6.3854e-11 9.7810e-12
1.5200e+03 1.9724e-01 3.9088e-07 1.1165e-12 1.4425e-10 2.2174e-11 5.9683e-11 1.0582e-11
1.5216e+03 1.9703e-01 3.7016e-07 1.1242e-12 1.4047e-10 1.8200e-11 5.8740e-11 1.2772e-11
1.5232e+03 1.9682e-01 3.5052e-07 1.2999e-12 1.2331e-10 2.0612e-11 6.2421e-11 1.2174e-11
1.5248e+03 1.9661e-01 3.3191e-07 1.3055e-12 1.2488e-10 2.4510e-11 6.3497e-11 9.9922e-12
1.5264e+03 1.9640e-01 3.1428e-07 1.1372e-12 1.4092e-10 2.2531e-11 5.9932e-11 1.0298e-11
1.5280e+03 1.9619e-01 2.9757e-07 1.1130e-12 1.4065e-10 1.8536e-11 5.8383e-11 1.2349e-11
1.5297e+03 1.9599e-01 2.8174e-07 1.2658e-12 1.2512e-10 1.9884e-11 6.1438e-11 1.2212e-11
1.5313e+03 1.9578e-01 2.6674e-07 1.2996e-12 1.2354e-10 2.3698e-11 6.3039e-11 1.0209e-11
1.5329e+03 1.9557e-01 2.5254e-07 1.1558e-12 1.3775e-10 2.2724e-11 6.0131e-11 1.0100e-11
1.5345e+03 1.9537e-01 2.3908e-07 1.1075e-12 1.4030e-10 1.8921e-11 5.8161e-11 1.1944e-11
1.5361e+03 1.9516e-01 2.2634e-07 1.2353e-12 1.2680e-10 1.9347e-11 6.0560e-11 1.2184e-11
1.5378e+03 1.9496e-01 2.1427e-07 1.2895e-12 1.2279e-10 2.2891e-11 6.2504e-11 1.0417e-11
1.5394e+03 1.9475e-01 2.0284e-07 1.1715e-12 1.3485e-10 2.2768e-11 6.0265e-11 9.9768e-12
1.5410e+03 1.9455e-01 1.9203e-07 1.1066e-12 1.3951e-10 1.9316e-11 5.8045e-11 1.1568e-11
1.5426e+03 1.9434e-01 1.8179e-07 1.2087e-12 1.2828e-10 1.8982e-11 5.9794e-11 1.2100e-11
1.5442e+03 1.9414e-01 1.7209e-07 1.2764e-12 1.2251e-10 2.2123e-11 6.1921e-11 1.0604e-11
1.5458e+03 1.9394e-01 1.6292e-07 1.1839e-12 1.3227e-10 2.2682e-11 6.0328e-11 9.9164e-12
1.5475e+03 1.9373e-01 1.5423e-07 1.1091e-12 1.3840e-10 1.9690e-11 5.8010e-11 1.1229e-11
1.5491e+03 1.9353e-01 1.4602e-07 1.1864e-12 1.2950e-10 1.8766e-11 5.9145e-11 1.1973e-11
1.5507e+03 1.9333e-01 1.3824e-07 1.2613e-12 1.2260e-10 2.1418e-11 6.1313e-11 1.0764e-11
1.5523e+03 1.9313e-01 1.3088e-07 1.1931e-12 1.3006e-10 2.2490e-11 6.0316e-11 9.9064e-12
1.5539e+03 1.9293e-01 1.2393e-07 1.1139e-12 1.3704e-10 2.0020e-11 5.8030e-11 1.0934e-11
1.5555e+03 1.9273e-01 1.1734e-07 1.1682e-12 1.3043e-10 1.8672e-11 5.8611e-11 1.1813e-11
1.5572e+03 1.9253e-01 1.1112e-07 1.2451e-12 1.2296e-10 2.0792e-11 6.0702e-11 1.0891e-11
1.5588e+03 1.9233e-01 1.0523e-07 1.1990e-12 1.2823e-10 2.2217e-11 6.0234e-11 9.9348e-12
1.5604e+03 1.9213e-01 9.9664e-08 1.1202e-12 1.3554e-10 2.0291e-11 5.8083e-11 1.0684e-11
1.5620e+03 1.9193e-01 9.4400e-08 1.1539e-12 1.3105e-10 1.8672e-11 5.8187e-11 1.1633e-11
1.5636e+03 1.9173e-01 8.9424e-08 1.2287e-12 1.2350e-10 2.0256e-11 6.0109e-11 1.0984e-11
1.5652e+03 1.9153e-01 8.4720e-08 1.2019e-12 1.2678e-10 2.1888e-11 6.0086e-11 9.9902e-12
1.5669e+03 1.9133e-01 8.0274e-08 1.1272e-12 1.3398e-10 2.0495e-11 5.8151e-11 1.0480e-11
1.5685e+03 1.9114e-01 7.6073e-08 1.1433e-12 1.3138e-10 1.8742e-11 5.7862e-11 1.1441e-11
1.5701e+03 1.9094e-01 7.2102e-08 1.2128e-12 1.2415e-10 1.9814e-11 5.9549e-11 1.1043e-11
1.5717e+03 1.9074e-01 6.8351e-08 1.2021e-12 1.2569e-10 2.1526e-11 5.9884e-11 1.0063e-11
1.5733e+03 1.9055e-01 6.4807e-08 1.1341e-12 1.3243e-10 2.0631e-11 5.8218e-11 1.0319e-11
1.5749e+03 1.9035e-01 6.1460e-08 1.1359e-12 1.3144e-10 1.8858e-11 5.7626e-11 1.1248e-11
1.5766e+03 1.9016e-01 5.8299e-08 1.1978e-12 1.2482e-10 1.9462e-11 5.9034e-11 1.1070e-11
1.5782e+03 1.8996e-01 5.5313e-08 1.2000e-12 1.2492e-10 2.1150e-11 5.9637e-11 1.0144e-11
1.5798e+03 1.8977e-01 5.2494e-08 1.1406e-12 1.3096e-10 2.0702e-11 5.8272e-11 1.0198e-11
1.5814e+03 1.8957e-01 4.9833e-08 1.1313e-12 1.3127e-10 1.9001e-11 5.7467e-11 1.1059e-11
1.5830e+03 1.8938e-01 4.7322e-08 1.1842e-12 1.2546e-10 1.9196e-11 5.8575e-11 1.1069e-11
1.5846e+03 1.8919e-01 4.4951e-08 1.1961e-12 1.2444e-10 2.0779e-11 5.9358e-11 1.0228e-11
1.5863e+03 1.8899e-01 4.2714e-08 1.1463e-12 1.2960e-10 2.0713e-11 5.8306e-11 1.0114e-11
1.5879e+03 1.8880e-01 4.0604e-08 1.1289e-12 1.3090e-10 1.9154e-11 5.7372e-11 1.0881e-11
1.5895e+03 1.8861e-01 3.8613e-08 1.1722e-12 1.2604e-10 1.9006e-11 5.8177e-11 1.1044e-11
1.5911e+03 1.8842e-01 3.6736e-08 1.1909e-12 1.2420e-10 2.0426e-11 5.9059e-11 1.0308e-11
1.5927e+03 1.8823e-01 3.4966e-08 1.1509e-12 1.2841e-10 2.0673e-11 5.8315e-11 1.0060e-11
1.5943e+03 1.8803e-01 3.3297e-08 1.1284e-12 1.3038e-10 1.9305e-11 5.7327e-11 1.0718e-11
1.5960e+03 1.8784e-01 3.1725e-08 1.1621e-12 1.2651e-10 1.8884e-11 5.7842e-11 1.1000e-11
1.5976e+03 1.8765e-01 3.0243e-08 1.1847e-12 1.2416e-10 2.0101e-11 5.8751e-11 1.0382e-11
1.5992e+03 1.8746e-01 2.8848e-08 1.1543e-12 1.2740e-10 2.0591e-11 5.8295e-11 1.0032e-11
1.6008e+03 1.8728e-01 2.7534e-08 1.1292e-12 1.2976e-10 1.9445e-11 5.7321e-11 1.0572e-11
1.6024e+03 1.8709e-01 2.6297e-08 1.1538e-12 1.2686e-10 1.8819e-11 5.7573e-11 1.0942e-11
1.6040e+03 1.8690e-01 2.5132e-08 1.1780e-12 1.2427e-10 1.9810e-11 5.8448e-11 1.0446e-11
1.6057e+03 1.8671e-01 2.4037e-08 1.1564e-12 1.2658e-10 2.0479e-11 5.8247e-11 1.0026e-11
1.6073e+03 1.8652e-01 2.3008e-08 1.1310e-12 1.2908e-10 1.9569e-11 5.7343e-11 1.0444e-11
1.6089e+03 1.8633e-01 2.2040e-08 1.1474e-12 1.2708e-10 1.8799e-11 5.7366e-11 1.0873e-11
1.6105e+03 1.8615e-01 2.1131e-08 1.1713e-12 1.2448e-10 1.9557e-11 5.8157e-11 1.0501e-11
1.6121e+03 1.8596e-01 2.0278e-08 1.1574e-12 1.2596e-10 2.0345e-11 5.8173e-11 1.0037e-11
1.6137e+03 1.8577e-01 1.9478e-08 1.1333e-12 1.2839e-10 1.9673e-11 5.7382e-11 1.0336e-11
1.6154e+03 1.8559e-01 1.8727e-08 1.1428e-12 1.2718e-10 1.8816e-11 5.7219e-11 1.0799e-11
1.6170e+03 1.8540e-01 1.8024e-08 1.1647e-12 1.2475e-10 1.9343e-11 5.7888e-11 1.0545e-11
1.6186e+03 1.8522e-01 1.7366e-08 1.1572e-12 1.2553e-10 2.0198e-11 5.8076e-11 1.0061e-11
1.6202e+03 1.8503e-01 1.6752e-08 1.1359e-12 1.2772e-10 1.9757e-11 5.7431e-11 1.0246e-11
1.6218e+03 1.8485e-01 1.6177e-08 1.1399e-12 1.2715e-10 1.8862e-11 5.7129e-11 1.0721e-11
1.6235e+03 1.8466e-01 1.5642e-08 1.1587e-12 1.2504e-10 1.9168e-11 5.7649e-11 1.0580e-11
1.6251e+03 1.8448e-01 1.5143e-08 1.1562e-12 1.2527e-10 2.0045e-11 5.7961e-11 1.0095e-11
1.6267e+03 1.8430e-01 1.4680e-08 1.1385e-12 1.2711e-10 1.9822e-11 5.7481e-11 1.0174e-11
1.6283e+03 1.8411e-01 1.4250e-08 1.1385e-12 1.2702e-10 1.8929e-11 5.7089e-11 1.0643e-11
1.6299e+03 1.8393e-01 1.3852e-08 1.1535e-12 1.2532e-10 1.9030e-11 5.7445e-11 1.0606e-11
1.6315e+03 1.8375e-01 1.3485e-08 1.1543e-12 1.2518e-10 1.9891e-11 5.7832e-11 1.0137e-11
1.6332e+03 1.8357e-01 1.3147e-08 1.1408e-12 1.2659e-10 1.9870e-11 5.7528e-11 1.0118e-11
1.6348e+03 1.8339e-01 1.2838e-08 1.1383e-12 1.2680e-10 1.9013e-11 5.7093e-11 1.0567e-11
1.6364e+03 1.8320e-01 1.2555e-08 1.1492e-12 1.2557e-10 1.8926e-11 5.7282e-11 1.0625e-11
1.6380e+03 1.8302e-01 1.2299e-08 1.1519e-12 1.2522e-10 1.9742e-11 5.7697e-11 1.0185e-11
1.6396e+03 1.8284e-01 1.2068e-08 1.1427e-12 1.2618e-10 1.9904e-11 5.7567e-11 1.0078e-11
1.6412e+03 1.8266e-01 1.1861e-08 1.1393e-12 1.2653e-10 1.9110e-11 5.7136e-11 1.0493e-11
1.6429e+03 1.8248e-01 1.1678e-08 1.1460e-12 1.2576e-10 1.8854e-11 5.7163e-11 1.0637e-11
1.6445e+03 1.8230e-01 1.1518e-08 1.1491e-12 1.2538e-10 1.9598e-11 5.7560e-11 1.0238e-11
1.6461e+03 1.8212e-01 1.1381e-08 1.1440e-12 1.2589e-10 1.9925e-11 5.7595e-11 1.0052e-11
1.6477e+03 1.8195e-01 1.1265e-08 1.1411e-12 1.2622e-10 1.9218e-11 5.7211e-11 1.0423e-11
1.6493e+03 1.8177e-01 1.1171e-08 1.1441e-12 1.2588e-10 1.8811e-11 5.7091e-11 1.0644e-11
1.6509e+03 1.8159e-01 1.1098e-08 1.1462e-12 1.2561e-10 1.9463e-11 5.7430e-11 1.0296e-11
1.6526e+03 1.8141e-01 1.1047e-08 1.1447e-12 1.2575e-10 1.9934e-11 5.7610e-11 1.0039e-11
1.6542e+03 1.8123e-01 1.1016e-08 1.1435e-12 1.2590e-10 1.9336e-11 5.7311e-11 1.0358e-11
1.6558e+03 1.8106e-01 1.1005e-08 1.1435e-12 1.2592e-10 1.8797e-11 5.7066e-11 1.0646e-11
